Wavenumber	Absorbance
2132.51014	0.00030475101410850497
2132.54028	0.0002994696323739346
2132.57041	0.000294188343997602
2132.60055	0.0002839069622630336
2132.63068	0.000278625673886701
2132.66081	0.00027334438551036844
2132.69095	0.0002830630037757992
2132.72108	0.00029778171539947274
2132.75121	0.0003175004270231374
2132.78135	0.0003372190452885643
2132.81148	0.0003569377569122359
2132.84162	0.00037165637517765776
2132.87175	0.0003813750868013263
2132.90188	0.0003910937984250018
2132.93202	0.00040581241669042367
2132.96215	0.0004255311283140953
2132.99229	0.00045024974657952715
2133.02242	0.00047996845820320183
2133.05255	0.0004996871698268596
2133.08269	0.0005094057880922973
2133.11282	0.0004991244997159666
2133.14295	0.00047384321133963486
2133.17309	0.00044856182960505836
2133.20322	0.00042328054122873354
2133.23336	0.0004129991594941512
2133.26349	0.0004277178711178248
2133.29362	0.0004724365827415006
2133.32376	0.0005321552010069189
2133.35389	0.0006018739126305919
2133.38402	0.0006565926242542638
2133.41416	0.0006863112425196938
2133.44429	0.0006860299541433593
2133.47443	0.0006457485724087955
2133.50456	0.0005954672840324665
2133.53469	0.0005401859956561256
2133.56483	0.0005049046139215599
2133.59496	0.0005046233255452323
2133.6251	0.0005393419438106534
2133.65523	0.0005940606554343253
2133.68536	0.0006537793670579953
2133.7155	0.0006984979853234263
2133.74563	0.000718216696947091
2133.77576	0.0007179354085707634
2133.8059	0.00070265402683619
2133.83603	0.0006873727384598544
2133.86617	0.000687091356725289
2133.8963	0.0007068100683489537
2133.92643	0.0007415287799726195
2133.95657	0.0007812473982380524
2133.9867	0.0008159661098617252
2134.01684	0.0008356847281271451
2134.04697	0.0008454034397508206
2134.0771	0.0008501221513744911
2134.10724	0.0008598407696399218
2134.13737	0.0008895594812635826
2134.1675	0.0009242781928872554
2134.19764	0.0009689968111526864
2134.22777	0.0010087155227763503
2134.25791	0.0010384341410417872
2134.28804	0.0010531528526654538
2134.31817	0.0010578715642891173
2134.34831	0.001057590182554552
2134.37844	0.0010673088941782205
2134.40857	0.0010920276058018832
2134.43871	0.0011317462240673162
2134.46884	0.0011864649356909882
2134.49898	0.0012461835539564134
2134.52911	0.0013109022655800814
2134.55924	0.0013756209772037564
2134.58938	0.0014403395954691867
2134.61951	0.0015050583070928478
2134.64965	0.001574776925358283
2134.67978	0.0016494956369819472
2134.70991	0.0017192143486056133
2134.74005	0.0017889329668710485
2134.77018	0.0018586516784947146
2134.80031	0.0019233703901183827
2134.83045	0.001993089008383818
2134.86058	0.002067807720007482
2134.89072	0.0021575263382729096
2134.92085	0.00225224504989658
2134.95098	0.0023519637615202482
2134.98112	0.002451682379785672
2135.01125	0.002536401091409346
2135.04138	0.002611119803033017
2135.07152	0.0026708384212984423
2135.10165	0.0027205571329221093
2135.13179	0.002760275751187549
2135.16192	0.002804994462811211
2135.19205	0.002844713174434875
2135.22219	0.002884431792700315
2135.25232	0.0029141505043239757
2135.28246	0.0029288691225894045
2135.31259	0.002928587834213077
2135.34272	0.0029133065458367413
2135.37286	0.002898025164102168
2135.40299	0.002887743875725844
2135.43312	0.0028874625873495097
2135.46326	0.0029071812056149365
2135.49339	0.002931899917238606
2135.52353	0.002961618535504043
2135.55366	0.002986337247127699
2135.58379	0.0030110559587513755
2135.61393	0.0030307745770168093
2135.64406	0.003060493288640477
2135.6742	0.003105211906905901
2135.70433	0.003169930618529576
2135.73446	0.0032546493301532364
2135.7646	0.003349367948418669
2135.79473	0.003444086660042339
2135.82486	0.0035288053716660064
2135.855	0.0035985239899314347
2135.88513	0.0036532427015551067
2135.91527	0.003707961319820534
2135.9454	0.003762680031444199
2135.97553	0.003842398743067868
2136.00567	0.003937117361333307
2136.0358	0.004046836072956965
2136.06593	0.0041615547845806344
2136.09607	0.00426627340284607
2136.1262	0.004365992114469738
2136.15634	0.004455710732735166
2136.18647	0.004545429444358838
2136.2166	0.004635148155982503
2136.24674	0.00474486677424793
2136.27687	0.0048695854858716026
2136.30701	0.0050093041041370315
2136.33714	0.005164022815760692
2136.36727	0.005313741527384369
2136.39741	0.005458460145649796
2136.42754	0.005593178857273458
2136.45767	0.00571789756889713
2136.48781	0.005842616187162565
2136.51794	0.005977334898786227
2136.54808	0.006127053517051659
2136.57821	0.006296772228675335
2136.60834	0.006481490940298991
2136.63848	0.006681209558564424
2136.66861	0.0068859282701881006
2136.69874	0.007100646981811773
2136.72888	0.007320365600077192
2136.75901	0.007560084311700868
2136.78915	0.007819802929966292
2136.81928	0.00809952164158996
2136.84941	0.008404240353213632
2136.87955	0.008728958971479059
2136.90968	0.009063677683102726
2136.93982	0.009418396301368155
2136.96995	0.009788115012991823
2137.00008	0.010177833724615497
2137.03022	0.010592552342880923
2137.06035	0.011032271054504598
2137.09048	0.011501989766128269
2137.12062	0.01200170838439369
2137.15075	0.012541427096017362
2137.18089	0.01314614571428279
2137.21102	0.013850864425906453
2137.24115	0.014705583137530127
2137.27129	0.015755301755795557
2137.30142	0.01704002046741923
2137.33156	0.018584739085684657
2137.36169	0.020404457797308324
2137.39182	0.02249417650893199
2137.42196	0.024863895127197423
2137.45209	0.027523613838821084
2137.48222	0.03050833255044476
2137.51236	0.03386805116871019
2137.54249	0.03766776988033386
2137.57263	0.04198248849859928
2137.60276	0.04690220721022295
2137.63289	0.05250692592184662
2137.66303	0.058886644540112054
2137.69316	0.06614136325173572
2137.72329	0.07437608196335939
2137.75343	0.08368580058162482
2137.78356	0.09417051929324849
2137.8137	0.10590023791151393
2137.84383	0.1189249566231376
2137.87396	0.13323467533476124
2137.9041	0.14876939395302669
2137.93423	0.16539411266465037
2137.96437	0.18289383128291578
2137.9945	0.20096354999453947
2138.02463	0.2192332687061631
2138.05477	0.23725798732442854
2138.0849	0.2545677060360522
2138.11503	0.2706974247476759
2138.14517	0.28522714336594135
2138.1753	0.297836862077565
2138.20544	0.3083265806958304
2138.23557	0.3166062994074541
2138.2657	0.3226860181190777
2138.29584	0.32665073673734313
2138.32597	0.32861045544896683
2138.35611	0.3287001740672323
2138.38624	0.32704489277885596
2138.41637	0.32378461149047966
2138.44651	0.31905933010874504
2138.47664	0.31301404882036876
2138.50677	0.3058037675319924
2138.53691	0.2975684861502578
2138.56704	0.28844320486188146
2138.59718	0.27855292348014693
2138.62731	0.2680176421917706
2138.65744	0.25697236090339426
2138.68758	0.24554707952165966
2138.71771	0.23388679823328334
2138.74784	0.222141516944907
2138.77798	0.21045623556317244
2138.80811	0.19895095427479612
2138.83825	0.18773067289306153
2138.86838	0.1768703916046852
2138.89851	0.16642511031630888
2138.92865	0.1564298289345743
2138.95878	0.14690454764619798
2138.98892	0.13788426626446343
2139.01905	0.12938398497608708
2139.04918	0.12143370368771074
2139.07932	0.11403342230597618
2139.10945	0.10717814101759984
2139.13958	0.1008378597292235
2139.16972	0.09496257834748895
2139.19985	0.08949729705911261
2139.22999	0.08439201567737804
2139.26012	0.07961673438900171
2139.29025	0.07515645310062538
2139.32039	0.07100117171889081
2139.35052	0.06716089043051447
2139.38065	0.06361560914213814
2139.41079	0.06034532776040357
2139.44092	0.057320046472027236
2139.47106	0.054499765090292675
2139.50119	0.05184948380191634
2139.53132	0.04935420251354
2139.56146	0.04698892113180544
2139.59159	0.0447636398434291
2139.62173	0.04267835846169453
2139.65186	0.0407280771733182
2139.68199	0.038902795884941874
2139.71213	0.0371975145032073
2139.74226	0.03559223321483097
2139.77239	0.03408195192645464
2139.80253	0.032661670544720064
2139.83266	0.031321389256343736
2139.8628	0.030061107874609166
2139.89293	0.028885826586232836
2139.92306	0.027775545297856502
2139.9532	0.026730263916121932
2139.98333	0.025744982627745598
2140.01347	0.024809701246011027
2140.0436	0.0239294199576347
2140.07373	0.023104138669258367
2140.10387	0.022338857287523793
2140.134	0.021623575999147465
2140.16413	0.020968294710771135
2140.19427	0.020353013329036558
2140.2244	0.019772732040660233
2140.25454	0.019227450658925664
2140.28467	0.018702169370549332
2140.3148	0.018206888082172995
2140.34494	0.01774160670043843
2140.37507	0.0173163254120621
2140.4052	0.016931044123685762
2140.43534	0.016590762741951197
2140.46547	0.016285481453574863
2140.49561	0.016010200071840293
2140.52574	0.015749918783463962
2140.55587	0.015489637495087631
2140.58601	0.015224356113353057
2140.61614	0.014959074824976729
2140.64628	0.014703793443242165
2140.67641	0.014468512154865824
2140.70654	0.014273230866489496
2140.73668	0.014107949484754925
2140.76681	0.013977668196378593
2140.79694	0.013872386908002257
2140.82708	0.013777105526267694
2140.85721	0.013676824237891357
2140.88735	0.01357154285615679
2140.91748	0.013466261567780462
2140.94761	0.013370980279404122
2140.97775	0.013290698897669553
2141.00788	0.013230417609293228
2141.03801	0.01318513632091689
2141.06815	0.013149854939182318
2141.09828	0.01311457365080599
2141.12842	0.013074292269071426
2141.15855	0.013024010980695083
2141.18868	0.012968729692318756
2141.21882	0.012923448310584194
2141.24895	0.01289316702220785
2141.27909	0.012882885640473282
2141.30922	0.012882604352096955
2141.33935	0.012887323063720625
2141.36949	0.012882041681986048
2141.39962	0.012866760393609719
2141.42975	0.012836479105233396
2141.45989	0.012801197723498817
2141.49002	0.012775916435122485
2141.52016	0.012775635053387913
2141.55029	0.012800353765011582
2141.58042	0.012840072476635253
2141.61056	0.01287979109490068
2141.64069	0.012899509806524344
2141.67083	0.01289422842478978
2141.70096	0.01286394713641345
2141.73109	0.012833665848037114
2141.76123	0.012818384466302547
2141.79136	0.012848103177926222
2141.82149	0.01293282188954989
2141.85163	0.013062540507815315
2141.88176	0.013227259219438986
2141.9119	0.013401977837704415
2141.94203	0.013576696549328075
2141.97216	0.013746415260951751
2142.0023	0.013916133879217175
2142.03243	0.014115852590840847
2142.06256	0.014355571302464516
2142.0927	0.014655289920729946
2142.12283	0.015025008632353613
2142.15297	0.01545472725061904
2142.1831	0.015934445962242715
2142.21323	0.01644916467386639
2142.24337	0.016988883292131808
2142.2735	0.017568602003755485
2142.30364	0.018228320622020913
2142.33377	0.019013039333644573
2142.3639	0.019977758045268246
2142.39404	0.021152476663533676
2142.42417	0.022537195375157346
2142.4543	0.024121914086781014
2142.48444	0.025871632705046443
2142.51457	0.027806351416670115
2142.54471	0.029986070034935544
2142.57484	0.03256078874655921
2142.60497	0.035725507458182884
2142.63511	0.03969022607644831
2142.66524	0.044639944788071984
2142.69538	0.0507246634063374
2142.72551	0.058154382117961076
2142.75564	0.06732910082958475
2142.78578	0.07899381944785017
2142.81591	0.09438853815947384
2142.84604	0.11532825687109752
2142.87618	0.14419297548936294
2142.90631	0.18392769420098662
2142.93645	0.23799741281925205
2142.96658	0.3100071315308757
2142.99671	0.4013968502424994
2143.02685	0.5007265688607648
2143.05698	0.5565012875723885
2143.08711	0.5100060062840122
2143.11725	0.4062407249022776
2143.14738	0.30538044361390126
2143.17752	0.22421016223216667
2143.20765	0.16266988094379034
2143.23778	0.11752459965541401
2143.26792	0.08537931827367945
2143.29805	0.0631740369853031
2143.32819	0.04818375560356854
2143.35832	0.03805347431519221
2143.38845	0.030908193026815873
2143.41859	0.025432911645081303
2143.44872	0.020912630356704973
2143.47885	0.017087349068328636
2143.50899	0.013962067686594068
2143.53912	0.011586786398217738
2143.56926	0.009906505016483158
2143.59939	0.008751223728106834
2143.62952	0.007885942439730502
2143.65966	0.007105661057995934
2143.68979	0.006310379769619595
2143.71992	0.005505098481243267
2143.75006	0.0047698170995087025
2143.78019	0.004184535811132366
2143.81033	0.003779254429397798
2143.84046	0.003523973141021472
2143.87059	0.003338691852645126
2143.90073	0.0031434104709105667
2143.93086	0.002898129182534237
2143.961	0.002607847800799666
2143.99113	0.002312566512423328
2144.02126	0.002062285224047
2144.0514	0.0018920038423124313
2144.08153	0.001801722553936097
2144.11166	0.0017714412655597672
2144.1418	0.0017611598838251918
2144.17193	0.001725878595448857
2144.20207	0.001650597213714293
2144.2322	0.0015353159253379614
2144.26233	0.0014000346369616237
2144.29247	0.0012647532552270621
2144.3226	0.0011544719668507356
2144.35274	0.0010741905851161596
2144.38287	0.0010289092967398286
2144.413	0.0010086280083635019
2144.44314	0.0009933466266289284
2144.47327	0.0009680653382525897
2144.5034	0.0009327840498762618
2144.53354	0.000882502668141695
2144.56367	0.0008322213797653591
2144.59381	0.0007869399980307903
2144.62394	0.0007616587096544586
2144.65407	0.0007413774212781249
2144.68421	0.0007210960395435603
2144.71434	0.0006858147511672255
2144.74447	0.0006305334627908915
2144.77461	0.0005552520810563205
2144.80474	0.0004749707926799962
2144.83488	0.0004096894109454144
2144.86501	0.0003794081225690915
2144.89514	0.000384126834192762
2144.92528	0.00041384545245819193
2144.95541	0.00044356416408185273
2144.98555	0.0004582827823472885
2145.01568	0.0004330014939709567
2145.04581	0.0003827202055946208
2145.07595	0.00032243882386005784
2145.10608	0.0002671575354837169
2145.13621	0.00024187624710738514
2145.16635	0.0002565948653728209
2145.19648	0.0002913135769964867
2145.22662	0.0003410321952619158
2145.25675	0.00038575090688558467
2145.28688	0.0004004696185092582
2145.31702	0.0003901882367746759
2145.34715	0.00034990694839834996
2145.37729	0.00029962556666378315
2145.40742	0.00024434427828744915
2145.43755	0.00020406298991111627
2145.46769	0.00017878160817655364
2145.49782	0.00017350031980021413
2145.52795	0.00018321903142388268
2145.55809	0.00019793764968931843
2145.58822	0.00021265636131298504
2145.61836	0.0002173749795784108
2145.64849	0.00020709369120208015
2145.67862	0.00018681240282574646
2145.70876	0.00016653102109117496
2145.73889	0.00015624973271485126
2145.76902	0.00016096844433851482
2145.79916	0.00018068706260394168
2145.82929	0.00021040577422761636
2145.85943	0.0002451243924930513
2145.88956	0.00027484310411670515
2145.91969	0.00029456181574037676
2145.94983	0.00030428043400581445
2145.97996	0.000308999145629478
2146.0101	0.0003037177638949076
2146.04023	0.000298436475518582
2146.07036	0.00028315518714224636
2146.1005	0.0002678738054076729
2146.13063	0.00024759251703134616
2146.16076	0.00023231122865501053
2146.1909	0.00021702984692043709
2146.22103	0.00021174855854411145
2146.25117	0.00021146717680953914
2146.2813	0.00022118588843320075
2146.31143	0.00023090460005687624
2146.34157	0.00023062321832231086
2146.3717	0.00022534192994597135
2146.40183	0.00021506064156964072
2146.43197	0.00019977925983507422
2146.4621	0.00018949797145874359
2146.49224	0.0001792165897241682
2146.52237	0.00018393530134784564
2146.5525	0.00018365401297151807
2146.58264	0.00018837263123693687
2146.61277	0.0001880913428606093
2146.64291	0.00018280996112603892
2146.67304	0.00017252867274970135
2146.70317	0.00016224738437337072
2146.73331	0.00015696600263880034
2146.76344	0.00015168471426246777
2146.79357	0.0001514034258861402
2146.82371	0.00015612204415157288
2146.85384	0.00015584075577523143
2146.88398	0.00016555937404066912
2146.91411	0.00017527808566433767
2146.94424	0.00019499679728800928
2146.97438	0.00020971541555343115
2147.00451	0.00022943412717710276
2147.03465	0.00023415274544253545
2147.06478	0.00023387145706620094
2147.09491	0.0002235901686898703
2147.12505	0.0002033087869552988
2147.15518	0.0001830274985789651
2147.18531	0.00017274621020263448
2147.21545	0.00017246482846806216
2147.24558	0.00018218354009173765
2147.27572	0.00019690215835716646
2147.30585	0.00021662086998083807
2147.33598	0.00023133958160450468
2147.36612	0.00023105819986993237
2147.39625	0.00021577691149360367
2147.42638	0.00019549562311727692
2147.45652	0.00017021424138269348
2147.48665	0.00015493295300636478
