Wavenumber	Absorbance
2132.51014	0.0006580649338978894
2132.54028	0.0006822003265484905
2132.57041	0.0007013360060628832
2132.60055	0.0007104713987134831
2132.63068	0.0007096070782278557
2132.66081	0.0007037427577422373
2132.69095	0.000702878150392855
2132.72108	0.0007120138299072376
2132.75121	0.0007361495094215936
2132.78135	0.0007702849020722186
2132.81148	0.0008044205815865846
2132.84162	0.0008385559742372095
2132.87175	0.0008676916537515705
2132.90188	0.0008868273332659493
2132.93202	0.0009059627259165592
2132.96215	0.000930098405430943
2132.99229	0.000954233798081558
2133.02242	0.0009783694775959279
2133.05255	0.0010025051571102978
2133.08269	0.0010166405497609166
2133.11282	0.0010207762292752942
2133.14295	0.0010149119087896619
2133.17309	0.0010040473014402834
2133.20322	0.001003182980954656
2133.23336	0.001012318373605256
2133.26349	0.0010464540531196498
2133.29362	0.001095589732634017
2133.32376	0.0011547251252846252
2133.35389	0.0012188608047990074
2133.38402	0.0012729964843133795
2133.41416	0.0013021318769639995
2133.44429	0.0013012675564783721
2133.47443	0.0012854029491289748
2133.50456	0.001254538628643359
2133.53469	0.0012236743081577295
2133.56483	0.001217809700808356
2133.59496	0.0012319453803227298
2133.6251	0.0012760807729733231
2133.65523	0.0013352164524877141
2133.68536	0.0014043521320020735
2133.7155	0.0014534875246526996
2133.74563	0.0014876232041670795
2133.77576	0.0015017588836814394
2133.8059	0.001495894276332066
2133.83603	0.0014950299558464247
2133.86617	0.0015041653484970524
2133.8963	0.0015283010280114362
2133.92643	0.0015674367075257933
2133.95657	0.0016165721001764194
2133.9867	0.0016557077796907765
2134.01684	0.0016898431723414153
2134.04697	0.0017189788518557764
2134.0771	0.0017431145313701463
2134.10724	0.0017772499240207712
2134.13737	0.0018213856035351333
2134.1675	0.0018805212830495105
2134.19764	0.00195465667570012
2134.22777	0.002023792355214493
2134.25791	0.0020879277478651204
2134.28804	0.0021420634273794925
2134.31817	0.0021811991068938635
2134.34831	0.0022203344995444796
2134.37844	0.0022544701790588456
2134.40857	0.0022936058585732166
2134.43871	0.0023427412512238427
2134.46884	0.002406876930738211
2134.49898	0.0024810123233888343
2134.52911	0.0025701480029031998
2134.55924	0.0026692836824175753
2134.58938	0.002783419075068197
2134.61951	0.0029075547545825697
2134.64965	0.0030416901472331836
2134.67978	0.0031758258267475525
2134.70991	0.0032999615062619253
2134.74005	0.003414096898912547
2134.77018	0.0035182325784269136
2134.80031	0.0036173682579412753
2134.83045	0.0037215036505919147
2134.86058	0.0038356393301062636
2134.89072	0.003974774722756896
2134.92085	0.004128910402271271
2134.95098	0.004298046081785634
2134.98112	0.004467181474436269
2135.01125	0.004616317153950625
2135.04138	0.004750452833464994
2135.07152	0.004854588226115605
2135.10165	0.004943723905629985
2135.13179	0.005017859298280622
2135.16192	0.005086994977794981
2135.19205	0.005156130657309355
2135.22219	0.005220266049959968
2135.25232	0.005279401729474331
2135.28246	0.005318537122124975
2135.31259	0.005342672801639331
2135.34272	0.0053518084811537
2135.37286	0.005365943873804319
2135.40299	0.005385079553318697
2135.43312	0.005424215232833068
2135.46326	0.005483350625483677
2135.49339	0.005557486304998055
2135.52353	0.005631621697648678
2135.55366	0.005705757377163043
2135.58379	0.005769893056677411
2135.61393	0.005829028449328033
2135.64406	0.005903164128842411
2135.6742	0.006002299521493032
2135.70433	0.006126435201007405
2135.73446	0.006275570880521775
2135.7646	0.006439706273172391
2135.79473	0.006598841952686757
2135.82486	0.006747977632201113
2135.855	0.00687711302485175
2135.88513	0.0069912487043661126
2135.91527	0.007105384097016748
2135.9454	0.007239519776531117
2135.97553	0.007393655456045478
2136.00567	0.0075777908486961
2136.0358	0.00778192652821047
2136.06593	0.00799106220772483
2136.09607	0.008200197600375464
2136.1262	0.008399333279889828
2136.15634	0.00859346867254046
2136.18647	0.008792604352054811
2136.2166	0.008996740031569195
2136.24674	0.009225875424219807
2136.27687	0.00947501110373418
2136.30701	0.009744146496384817
2136.33714	0.010018282175899174
2136.36727	0.010297417855413549
2136.39741	0.010561553248064154
2136.42754	0.010820688927578537
2136.45767	0.01107982460709292
2136.48781	0.011343959999743525
2136.51794	0.011638095679257901
2136.54808	0.01195723107190852
2136.57821	0.012311366751422886
2136.60834	0.01268550243093726
2136.63848	0.013074637823587879
2136.66861	0.013473773503102249
2136.69874	0.013892909182616625
2136.72888	0.014337044575267244
2136.75901	0.01481618025478161
2136.78915	0.015350315647432236
2136.81928	0.015934451326946597
2136.84941	0.01655858700646097
2136.87955	0.017222722399111587
2136.90968	0.01790185807862596
2136.93982	0.018600993471276583
2136.96995	0.01931512915079095
2137.00008	0.020064264830305323
2137.03022	0.020858400222955945
2137.06035	0.021707535902470307
2137.09048	0.022626671581984698
2137.12062	0.023615806974635306
2137.15075	0.024704942654149686
2137.18089	0.025919078046800298
2137.21102	0.02732321372631466
2137.24115	0.02896734940582904
2137.27129	0.030931484798479653
2137.30142	0.03326562047799403
2137.33156	0.03599975587064465
2137.36169	0.03915389155015901
2137.39182	0.0427330272296734
2137.42196	0.046732162622324006
2137.45209	0.051181298301838374
2137.48222	0.056130433981352756
2137.51236	0.06165456937400336
2137.54249	0.06785370505351776
2137.57263	0.07482784044616834
2137.60276	0.08269697612568273
2137.63289	0.09155611180519713
2137.66303	0.10151524719784773
2137.69316	0.11266938287736211
2137.72329	0.12512351855687648
2137.75343	0.1389776539495271
2137.78356	0.15432178962904147
2137.8137	0.17123092502169207
2137.84383	0.18973006070120646
2137.87396	0.20978919638072085
2137.9041	0.23129333177337147
2137.93423	0.2540324674528858
2137.96437	0.2776866028455364
2137.9945	0.3018357385250508
2138.02463	0.3259598742045652
2138.05477	0.3494890095972158
2138.0849	0.37183314527673017
2138.11503	0.39244228095624456
2138.14517	0.41085141634889516
2138.1753	0.42671555202840955
2138.20544	0.43980468742106016
2138.23557	0.45000882310057455
2138.2657	0.45731295878008893
2138.29584	0.4617820941727395
2138.32597	0.46355122985225394
2138.35611	0.46282036524490455
2138.38624	0.4598345009244189
2138.41637	0.45484863660393327
2138.44651	0.4480927719965838
2138.47664	0.4397669076760983
2138.50677	0.4300260433556126
2138.53691	0.41899517874826325
2138.56704	0.4067943144277776
2138.59718	0.3935584498204282
2138.62731	0.3794675854999426
2138.65744	0.364701721179457
2138.68758	0.3494658565721076
2138.71771	0.33393999225162196
2138.74784	0.3182941279311363
2138.77798	0.30267826332378694
2138.80811	0.2872223990033013
2138.83825	0.27204153439595197
2138.86838	0.2572406700754663
2138.89851	0.24290480575498066
2138.92865	0.2291089411476313
2138.95878	0.21589807682714568
2138.98892	0.20331721221979632
2139.01905	0.19138134789931066
2139.04918	0.180115483578825
2139.07932	0.16952461897147564
2139.10945	0.15960375465099
2139.13958	0.15033289033050437
2139.16972	0.14168202572315503
2139.19985	0.13360116140266937
2139.22999	0.12605029679531998
2139.26012	0.11897443247483436
2139.29025	0.11234356815434873
2139.32039	0.10613270354699937
2139.35052	0.10032183922651372
2139.38065	0.09490097490602808
2139.41079	0.0898501102986787
2139.44092	0.08514424597819309
2139.47106	0.0807483813708437
2139.50119	0.07663251705035806
2139.53132	0.07276165272987245
2139.56146	0.06911078812252305
2139.59159	0.06567492380203743
2139.62173	0.06243405919468806
2139.65186	0.05938319487420242
2139.68199	0.0565073305537168
2139.71213	0.05380146594636742
2139.74226	0.051250601625881784
2139.77239	0.048844737305396166
2139.80253	0.04657887269804678
2139.83266	0.04443800837756115
2139.8628	0.042422143770211765
2139.89293	0.04051627944972615
2139.92306	0.03871041512924052
2139.9532	0.036999550521891134
2139.98333	0.035373686201405505
2140.01347	0.03383282159405612
2140.0436	0.0323769572735705
2140.07373	0.03101109295308485
2140.10387	0.02973022834573548
2140.134	0.02852936402524986
2140.16413	0.027398499704764212
2140.19427	0.026327635097414842
2140.2244	0.025311770776929213
2140.25454	0.024345906169579837
2140.28467	0.02342504184909419
2140.3148	0.022559177528608573
2140.34494	0.0217483129212592
2140.37507	0.020992448600773567
2140.4052	0.020286584280287928
2140.43534	0.019620719672938547
2140.46547	0.01899485535245292
2140.49561	0.018388990745103542
2140.52574	0.017808126424617918
2140.55587	0.01724226210413228
2140.58601	0.016696397496782908
2140.61614	0.016165533176297278
2140.64628	0.015649668568947894
2140.67641	0.015163804248462268
2140.70654	0.014697939927976633
2140.73668	0.01426207532062726
2140.76681	0.01385621100014163
2140.79694	0.013475346679655997
2140.82708	0.013114482072306616
2140.85721	0.012773617751820995
2140.88735	0.012442753144471616
2140.91748	0.012121888823985988
2140.94761	0.011811024503500356
2140.97775	0.011510159896150979
2141.00788	0.011219295575665353
2141.03801	0.01093843125517971
2141.06815	0.010667566647830334
2141.09828	0.010401702327344692
2141.12842	0.010140837719995327
2141.15855	0.009884973399509694
2141.18868	0.009639109079024058
2141.21882	0.009398244471674685
2141.24895	0.00916738015118905
2141.27909	0.008946515543839684
2141.30922	0.008725651223354058
2141.33935	0.00850978690286841
2141.36949	0.008293922295519049
2141.39962	0.008083057975033406
2141.42975	0.007877193654547796
2141.45989	0.007681329047198399
2141.49002	0.007495464726712767
2141.52016	0.007324600119363395
2141.55029	0.007148735798877759
2141.58042	0.006967871478392146
2141.61056	0.006772006871042749
2141.64069	0.00656114255055712
2141.67083	0.006340277943207739
2141.70096	0.006119413622722114
2141.73109	0.005908549302236485
2141.76123	0.005722684694887098
2141.79136	0.005566820374401468
2141.82149	0.0054359560539158636
2141.85163	0.005325091446566468
2141.88176	0.005219227126080833
2141.9119	0.005108362518731452
2141.94203	0.004982498198245824
2141.97216	0.00484163387776021
2142.0023	0.004690769270410816
2142.03243	0.0045349049499251864
2142.06256	0.004384040629439562
2142.0927	0.004243176022090178
2142.12283	0.004122311701604556
2142.15297	0.004011447094255174
2142.1831	0.0039055827737695392
2142.21323	0.003799718453283918
2142.24337	0.0036988538459345327
2142.2735	0.0035979895254489025
2142.30364	0.0035071249180995273
2142.33377	0.0034262605976138893
2142.3639	0.0033553962771282614
2142.39404	0.0032945316697788884
2142.42417	0.0032336673492932566
2142.4543	0.0031728030288076248
2142.48444	0.003106938421458233
2142.51457	0.0030310741009726277
2142.54471	0.002960209493623245
2142.57484	0.002899345173137599
2142.60497	0.0028484808526519773
2142.63511	0.0028176162453025927
2142.66524	0.002796751924816973
2142.69538	0.0027808873174675897
2142.72551	0.002755022996981951
2142.75564	0.0027241586764963355
2142.78578	0.002678294069146936
2142.81591	0.002637429748661324
2142.84604	0.0026115654281756995
2142.87618	0.0026157008208263083
2142.90631	0.002649836500340688
2142.93645	0.0027139718929912876
2142.96658	0.002798107572505676
2142.99671	0.002872243252020054
2143.02685	0.0029163786446706613
2143.05698	0.002905514324185038
2143.08711	0.0028246500036994
2143.11725	0.00268378539635003
2143.14738	0.002487921075864402
2143.17752	0.002267056468515008
2143.20765	0.0020511921480294015
2143.23778	0.0018603278275437507
2143.26792	0.00171446322019439
2143.29805	0.0016135988997087458
2143.32819	0.0015427342923593629
2143.35832	0.001491869971873755
2143.38845	0.0014410056513881053
2143.41859	0.0013901410440387285
2143.44872	0.0013292767235530967
2143.47885	0.0012734124030674698
2143.50899	0.0012275477957180841
2143.53912	0.0011916834752324634
2143.56926	0.001170818867883075
2143.59939	0.0011549545473974465
2143.62952	0.001134090226911827
2143.65966	0.0010982256195624374
2143.68979	0.0010523612990768205
2143.71992	0.0009964969785911937
2143.75006	0.000950632371241808
2143.78019	0.0009247680507561834
2143.81033	0.0009089034434068
2143.84046	0.0009080391229211726
2143.87059	0.0009071748024355453
2143.90073	0.000896310195086153
2143.93086	0.0008704458746005284
2143.961	0.0008295812672511477
2143.99113	0.000788716946765522
2144.02126	0.0007578526262798924
2144.0514	0.0007419880189305089
2144.08153	0.0007461236984448866
2144.11166	0.0007602593779592465
2144.1418	0.0007743947706098792
2144.17193	0.0007685304501242468
2144.20207	0.0007476658427748722
2144.2322	0.0007118015222892377
2144.26233	0.0006709372018035981
2144.29247	0.0006350725944542362
2144.3226	0.0006192082739685939
2144.35274	0.0006083436666192155
2144.38287	0.0006074793461335881
2144.413	0.0006016150256479558
2144.44314	0.0005907504182985773
2144.47327	0.0005698860978129439
2144.5034	0.0005540217773273154
2144.53354	0.0005431571699779508
2144.56367	0.0005472928494923007
2144.59381	0.0005564282421429423
2144.62394	0.0005755639216572933
2144.65407	0.000579699601171671
2144.68421	0.0005688349938222786
2144.71434	0.0005379706733366629
2144.74447	0.0004921063528510322
2144.77461	0.0004412417455016415
2144.80474	0.0004053774250160208
2144.83488	0.00038951281766663737
2144.86501	0.00039864849718100615
2144.89514	0.00042778417669538105
2144.92528	0.000451919569345996
2144.95541	0.00047105524886037475
2144.98555	0.00046519064151098743
2145.01568	0.00043432632102535784
2145.04581	0.000388462000539741
2145.07595	0.0003425973931903553
2145.10608	0.0003067330727047207
2145.13621	0.00028586875221908725
2145.16635	0.00029500414486971493
2145.19648	0.00032413982438408984
2145.22662	0.0003632752170347059
2145.25675	0.0003974108965490858
2145.28688	0.0004165465760634368
2145.31702	0.00041568196871406837
2145.34715	0.0003898176482284438
2145.37729	0.00033895304087906697
2145.40742	0.00028308872039344013
2145.43755	0.0002272243999077994
2145.46769	0.0001813597925584276
2145.49782	0.00016049547207278025
2145.52795	0.0001646311515871579
2145.55809	0.0001787665442377906
2145.58822	0.0001929022237521505
2145.61836	0.00020203761640277818
2145.64849	0.00019617329591713195
2145.67862	0.00017530897543151236
2145.70876	0.00015444436808212392
2145.73889	0.00013858004759649545
2145.76902	0.0001377157271108681
2145.79916	0.0001568511197614919
2145.82929	0.0001859867992758668
2145.85943	0.00022012219192647786
2145.88956	0.00024925787144085276
2145.91969	0.00025839355095522154
2145.94983	0.0002575289436058392
2145.97996	0.00025166462312022075
2146.0101	0.00024580001577083344
2146.04023	0.0002449356952852061
2146.07036	0.00025407137479957487
2146.1005	0.00026320676745020255
2146.13063	0.00027234244696457133
2146.16076	0.000271478126478944
2146.1909	0.00026061351912956554
2146.22103	0.0002497491986439282
2146.25117	0.00023388459129454475
2146.2813	0.00022802027080892628
2146.31143	0.00022715595032328506
2146.34157	0.00022629134297391662
2146.3717	0.00022042702248828427
2146.40183	0.0002045627020026558
2146.43197	0.00017869809465327624
2146.4621	0.00015283377416763777
2146.49224	0.00012696916681827208
2146.52237	0.00011110484633262974
2146.5525	0.00011024052584701627
2146.58264	0.00012437591849763507
2146.61277	0.0001385115980119811
2146.64291	0.00015264699066261378
2146.67304	0.00015178267017697256
2146.70317	0.00014091834969136297
2146.73331	0.0001200537423419884
2146.76344	8.918942185634493e-05
2146.79357	5.8325101370729215e-05
2146.82371	4.2460494021331896e-05
2146.85384	4.159617353570455e-05
2146.88398	5.5731566186323356e-05
2146.91411	8.486724570069826e-05
2146.94424	0.00011900292521507816
2146.97438	0.0001481383178656842
2147.00451	0.000167273997380063
2147.03465	0.00016640939003068067
2147.06478	0.00015554506954504332
2147.09491	0.0001296807490594326
2147.12505	0.00010381614171003917
2147.15518	8.79518212244107e-05
2147.18531	8.208750073879223e-05
2147.21545	9.122289338940603e-05
2147.24558	0.00011035857290378481
2147.27572	0.00012949396555439474
2147.30585	0.00014362964506876852
2147.33598	0.00014276532458314117
2147.36612	0.00013190071723374885
2147.39625	0.00011103639674814314
2147.42638	8.517207626250467e-05
2147.45652	7.430746891311235e-05
2147.48665	6.844314842749388e-05
