v_p	A_p	v_s	A_s	νk	ipda	νk	isda
2132.51014	0.00030475101410850497	2132.51014	0.0006580649338978894	2126.97	5.199102139275445e-75	2126.97	6.423037842159963e-75
2132.54028	0.0002994696323739346	2132.54028	0.0006822003265484905	2126.99	3.4819452879518804e-73	2126.99	4.301842108868791e-73
2132.57041	0.000294188343997602	2132.57041	0.0007013360060628832	2127.01	2.2061943740832834e-71	2127.01	2.725828743784978e-71
2132.60055	0.0002839069622630336	2132.60055	0.0007104713987134831	2127.03	1.3224973797843696e-69	2127.03	1.6340823327828496e-69
2132.63068	0.000278625673886701	2132.63068	0.0007096070782278557	2127.05	7.500257189399177e-68	2127.05	9.26791042186552e-68
2132.66081	0.00027334438551036844	2132.66081	0.0007037427577422373	2127.07	4.0242870275013795e-66	2127.07	4.97305908000383e-66
2132.69095	0.0002830630037757992	2132.69095	0.000702878150392855	2127.09	2.0428405717209465e-64	2127.09	2.524647834353692e-64
2132.72108	0.00029778171539947274	2132.72108	0.0007120138299072376	2127.11	9.811019216328302e-63	2127.11	1.2125929142530651e-62
2132.75121	0.0003175004270231374	2132.75121	0.0007361495094215936	2127.13	4.457890784698347e-61	2127.13	5.510208872624207e-61
2132.78135	0.0003372190452885643	2132.78135	0.0007702849020722186	2127.15	1.9163817566986287e-59	2127.15	2.368982541037596e-59
2132.81148	0.0003569377569122359	2132.81148	0.0008044205815865846	2127.17	7.794239521646393e-58	2127.17	9.636038907709187e-58
2132.84162	0.00037165637517765776	2132.84162	0.0008385559742372095	2127.19	2.999207824116378e-56	2127.19	3.708347576733414e-56
2132.87175	0.0003813750868013263	2132.87175	0.0008676916537515705	2127.21	1.0918993870850633e-54	2127.21	1.350237145949369e-54
2132.90188	0.0003910937984250018	2132.90188	0.0008868273332659493	2127.23	3.7610082545557e-53	2127.23	4.651469277143346e-53
2132.93202	0.00040581241669042367	2132.93202	0.0009059627259165592	2127.25	1.2256715949256027e-51	2127.25	1.5160857116661975e-51
2132.96215	0.0004255311283140953	2132.96215	0.000930098405430943	2127.27	3.7791569477298373e-50	2127.27	4.675349952291185e-50
2132.99229	0.00045024974657952715	2132.99229	0.000954233798081558	2127.29	1.1024775765463649e-48	2127.29	1.3641585142058603e-48
2133.02242	0.00047996845820320183	2133.02242	0.0009783694775959279	2127.31	3.043000102734207e-47	2127.31	3.765995491080405e-47
2133.05255	0.0004996871698268596	2133.05255	0.0010025051571102978	2127.33	7.946852905890726e-46	2127.33	9.837013038563826e-46
2133.08269	0.0005094057880922973	2133.08269	0.0010166405497609166	2127.35	1.9636015192106452e-44	2127.35	2.4311951806620667e-44
2133.11282	0.0004991244997159666	2133.11282	0.0010207762292752942	2127.37	4.5907205532897495e-43	2127.37	5.685315710059922e-43
2133.14295	0.00047384321133963486	2133.14295	0.0010149119087896619	2127.39	1.0155057794588416e-41	2127.39	1.2579779772834042e-41
2133.17309	0.00044856182960505836	2133.17309	0.0010040473014402834	2127.41	2.1255099974745385e-40	2127.41	2.633790285119626e-40
2133.20322	0.00042328054122873354	2133.20322	0.001003182980954656	2127.43	4.209482964003103e-39	2127.43	5.217778049589782e-39
2133.23336	0.0004129991594941512	2133.23336	0.001012318373605256	2127.45	7.88833551800532e-38	2127.45	9.781228860604712e-38
2133.26349	0.0004277178711178248	2133.26349	0.0010464540531196498	2127.47	1.3987488448199745e-36	2127.47	1.7350518398794375e-36
2133.29362	0.0004724365827415006	2133.29362	0.001095589732634017	2127.49	2.3469250443978184e-35	2127.49	2.912401381474567e-35
2133.32376	0.0005321552010069189	2133.32376	0.0011547251252846252	2127.51	3.7262489518746333e-34	2127.51	4.626142982578926e-34
2133.35389	0.0006018739126305919	2133.35389	0.0012188608047990074	2127.53	5.59843326323571e-33	2127.53	6.953862575584122e-33
2133.38402	0.0006565926242542638	2133.38402	0.0012729964843133795	2127.55	7.959628622215003e-32	2127.55	9.891986649804835e-32
2133.41416	0.0006863112425196938	2133.41416	0.0013021318769639995	2127.57	1.0709307183423738e-30	2127.57	1.3316911133371638e-30
2133.44429	0.0006860299541433593	2133.44429	0.0013012675564783721	2127.59	1.3635902170325536e-29	2127.59	1.696677956013128e-29
2133.47443	0.0006457485724087955	2133.47443	0.0012854029491289748	2127.61	1.6431345875671242e-28	2127.61	2.0459073063510303e-28
2133.50456	0.0005954672840324665	2133.50456	0.001254538628643359	2127.63	1.8738865902393804e-27	2127.63	2.3349590077981795e-27
2133.53469	0.0005401859956561256	2133.53469	0.0012236743081577295	2127.65	2.0225999936275154e-26	2127.65	2.522302307617272e-26
2133.56483	0.0005049046139215599	2133.56483	0.001217809700808356	2127.67	2.0662864982410518e-25	2127.67	2.57904689823882e-25
2133.59496	0.0005046233255452323	2133.59496	0.0012319453803227298	2127.69	1.9980397675304855e-24	2127.69	2.4962457014316155e-24
2133.6251	0.0005393419438106534	2133.6251	0.0012760807729733231	2127.71	1.8288250854451545e-23	2127.71	2.2872075166876923e-23
2133.65523	0.0005940606554343253	2133.65523	0.0013352164524877141	2127.73	1.5845960605675017e-22	2127.73	1.9839963286547696e-22
2133.68536	0.0006537793670579953	2133.68536	0.0014043521320020735	2127.75	1.2997808541862244e-21	2127.75	1.629383352966035e-21
2133.7155	0.0006984979853234263	2133.7155	0.0014534875246526996	2127.77	1.0093854051165466e-20	2127.77	1.2670288580037557e-20
2133.74563	0.000718216696947091	2133.74563	0.0014876232041670795	2127.79	7.421869216552565e-20	2127.79	9.329717359807251e-20
2133.77576	0.0007179354085707634	2133.77576	0.0015017588836814394	2127.81	5.167465689863666e-19	2127.81	6.50597000946077e-19
2133.8059	0.00070265402683619	2133.8059	0.001495894276332066	2127.83	3.407170960913528e-18	2127.83	4.297004258651016e-18
2133.83603	0.0006873727384598544	2133.83603	0.0014950299558464247	2127.85	2.127710554818849e-17	2127.85	2.6883445371308312e-17
2133.86617	0.000687091356725289	2133.86617	0.0015041653484970524	2127.87	1.258609894620313e-16	2127.87	1.593428435779829e-16
2133.8963	0.0007068100683489537	2133.8963	0.0015283010280114362	2127.89	7.05336037668507e-16	2127.89	8.949131771521216e-16
2133.92643	0.0007415287799726195	2133.92643	0.0015674367075257933	2127.91	3.7454492966090564e-15	2127.91	4.763353361983505e-15
2133.95657	0.0007812473982380524	2133.95657	0.0016165721001764194	2127.93	1.884964711424542e-14	2127.93	2.4033856703280468e-14
2133.9867	0.0008159661098617252	2133.9867	0.0016557077796907765	2127.95	8.992831606017292e-14	2127.95	1.1498002112532616e-13
2134.01684	0.0008356847281271451	2134.01684	0.0016898431723414153	2127.97	4.0681997591591665e-13	2127.97	5.217174548759755e-13
2134.04697	0.0008454034397508206	2134.04697	0.0017189788518557764	2127.99	1.7456526656422124e-12	2127.99	2.2459844193163497e-12
2134.0771	0.0008501221513744911	2134.0771	0.0017431145313701463	2128.01	7.10757407444561e-12	2128.01	9.177015984202226e-12
2134.10724	0.0008598407696399218	2134.10724	0.0017772499240207712	2128.03	2.7471014480756083e-11	2128.03	3.560469303365932e-11
2134.13737	0.0008895594812635826	2134.13737	0.0018213856035351333	2128.05	1.0083823756698344e-10	2128.05	1.3123082355883998e-10
2134.1675	0.0009242781928872554	2134.1675	0.0018805212830495105	2128.07	3.5172884997675357e-10	2128.07	4.597526073433458e-10
2134.19764	0.0009689968111526864	2134.19764	0.00195465667570012	2128.09	1.1665037122036268e-9	2128.09	1.5319124078041084e-9
2134.22777	0.0010087155227763503	2134.22777	0.002023792355214493	2128.11	3.6808700421054494e-9	2128.11	4.857911693890918e-9
2134.25791	0.0010384341410417872	2134.25791	0.0020879277478651204	2128.13	1.1059030769464148e-8	2128.13	1.4671511984785036e-8
2134.28804	0.0010531528526654538	2134.28804	0.0021420634273794925	2128.15	3.166081897460985e-8	2128.15	4.223049448464843e-8
2134.31817	0.0010578715642891173	2134.31817	0.0021811991068938635	2128.17	8.64399754211239e-8	2128.17	1.1593752728237796e-7
2134.34831	0.001057590182554552	2134.34831	0.0022203344995444796	2128.19	2.2524005923338362e-7	2128.19	3.0379591977817507e-7
2134.37844	0.0010673088941782205	2134.37844	0.0022544701790588456	2128.21	5.606031068823716e-7	2128.21	7.603146426911216e-7
2134.40857	0.0010920276058018832	2134.40857	0.0022936058585732166	2128.23	1.3337039702257604e-6	2128.23	1.8185205908360264e-6
2134.43871	0.0011317462240673162	2134.43871	0.0023427412512238427	2128.25	3.0348214957198923e-6	2128.25	4.158821892391704e-6
2134.46884	0.0011864649356909882	2134.46884	0.002406876930738211	2128.27	6.608463930229447e-6	2128.27	9.09719442288411e-6
2134.49898	0.0012461835539564134	2134.49898	0.0024810123233888343	2128.29	1.377608295913445e-5	2128.29	1.9038224048563705e-5
2134.52911	0.0013109022655800814	2134.52911	0.0025701480029031998	2128.31	2.749867436176313e-5	2128.31	3.8120966440832216e-5
2134.55924	0.0013756209772037564	2134.55924	0.0026692836824175753	2128.33	5.256618989900578e-5	2128.33	7.303056358656755e-5
2134.58938	0.0014403395954691867	2134.58938	0.002783419075068197	2128.35	9.62315857043882e-5	2128.35	0.0001338433588256804
2134.61951	0.0015050583070928478	2134.61951	0.0029075547545825697	2128.37	0.0001687079121944966	2128.37	0.00023462488843180394
2134.64965	0.001574776925358283	2134.64965	0.0030416901472331836	2128.39	0.00028324549564067624	2128.39	0.00039335427932052244
2134.67978	0.0016494956369819472	2134.67978	0.0031758258267475525	2128.41	0.00045546264667371264	2128.41	0.0006306980905138007
2134.70991	0.0017192143486056133	2134.70991	0.0032999615062619253	2128.43	0.0007016951071992332	2128.43	0.0009673192344445292
2134.74005	0.0017889329668710485	2134.74005	0.003414096898912547	2128.45	0.0010364104780386187	2128.45	0.0014198592907645694
2134.77018	0.0018586516784947146	2134.77018	0.0035182325784269136	2128.47	0.0014691740936083656	2128.47	0.0019964193180704946
2134.80031	0.0019233703901183827	2134.80031	0.0036173682579412753	2128.49	0.0020020968775858006	2128.49	0.0026930352779847835
2134.83045	0.001993089008383818	2134.83045	0.0037215036505919147	2128.51	0.0026288906850870947	2128.51	0.00349290237425872
2134.86058	0.002067807720007482	2134.86058	0.0038356393301062636	2128.53	0.0033363724867911284	2128.53	0.00436959328089184
2134.89072	0.0021575263382729096	2134.89072	0.003974774722756896	2128.55	0.004108457446110784	2128.55	0.005294189274285069
2134.92085	0.00225224504989658	2134.92085	0.004128910402271271	2128.57	0.004931622625349983	2128.57	0.006244523186960186
2134.95098	0.0023519637615202482	2134.95098	0.004298046081785634	2128.59	0.0057999986731518075	2128.59	0.007213411039668932
2134.98112	0.002451682379785672	2134.98112	0.004467181474436269	2128.61	0.006718127779665036	2128.61	0.008212597721608483
2135.01125	0.002536401091409346	2135.01125	0.004616317153950625	2128.63	0.007700168442501109	2128.63	0.009270440595007229
2135.04138	0.002611119803033017	2135.04138	0.004750452833464994	2128.65	0.008765638844524054	2128.65	0.01042365076926558
2135.07152	0.0026708384212984423	2135.07152	0.004854588226115605	2128.67	0.009933077308595306	2128.67	0.011705712918454701
2135.10165	0.0027205571329221093	2135.10165	0.004943723905629985	2128.69	0.011213704404947091	2128.69	0.013135902110403733
2135.13179	0.002760275751187549	2135.13179	0.005017859298280622	2128.71	0.012607069392606437	2128.71	0.014712595544376386
2135.16192	0.002804994462811211	2135.16192	0.005086994977794981	2128.73	0.014099902022397892	2128.73	0.01641300014655506
2135.19205	0.002844713174434875	2135.19205	0.005156130657309355	2128.75	0.015668312278287203	2128.75	0.018199130452701478
2135.22219	0.002884431792700315	2135.22219	0.005220266049959968	2128.77	0.017282413908367423	2128.77	0.020027667495435962
2135.25232	0.0029141505043239757	2135.25232	0.005279401729474331	2128.79	0.01891164832661575	2128.79	0.02185991155030025
2135.28246	0.0029288691225894045	2135.28246	0.005318537122124975	2128.81	0.020528803783116552	2128.81	0.02366793253028911
2135.31259	0.002928587834213077	2135.31259	0.005342672801639331	2128.83	0.022111204110632252	2128.83	0.025434457749632013
2135.34272	0.0029133065458367413	2135.34272	0.0053518084811537	2128.85	0.023638823517654995	2128.85	0.027146739987019244
2135.37286	0.002898025164102168	2135.37286	0.005365943873804319	2128.87	0.025090755843212662	2128.87	0.028787646316525882
2135.40299	0.002887743875725844	2135.40299	0.005385079553318697	2128.89	0.026442668974410895	2128.89	0.030329034996037094
2135.43312	0.0028874625873495097	2135.43312	0.005424215232833068	2128.91	0.027667746372203324	2128.91	0.03173191071163808
2135.46326	0.0029071812056149365	2135.46326	0.005483350625483677	2128.93	0.02874194764505567	2128.93	0.03295475888406457
2135.49339	0.002931899917238606	2135.49339	0.005557486304998055	2128.95	0.029651986127431626	2128.95	0.033967245923227474
2135.52353	0.002961618535504043	2135.52353	0.005631621697648678	2128.97	0.03040262674757745	2128.97	0.0347634060487863
2135.55366	0.002986337247127699	2135.55366	0.005705757377163043	2128.99	0.031019879694629122	2128.99	0.03536831778994209
2135.58379	0.0030110559587513755	2135.58379	0.005769893056677411	2129.01	0.03154846014202954	2129.01	0.035835237922425434
2135.61393	0.0030307745770168093	2135.61393	0.005829028449328033	2129.03	0.03204442228929839	2129.03	0.03623452638088277
2135.64406	0.003060493288640477	2135.64406	0.005903164128842411	2129.05	0.032565687109625326	2129.05	0.03663903293299284
2135.6742	0.003105211906905901	2135.6742	0.006002299521493032	2129.07	0.033163394234246746	2129.07	0.03711128256864292
2135.70433	0.003169930618529576	2135.70433	0.006126435201007405	2129.09	0.03387583517292974	2129.09	0.03769585898815956
2135.73446	0.0032546493301532364	2135.73446	0.006275570880521775	2129.11	0.034725155922006104	2129.11	0.038417346711417416
2135.7646	0.003349367948418669	2135.7646	0.006439706273172391	2129.13	0.035716023824725295	2129.13	0.03928184721496097
2135.79473	0.003444086660042339	2135.79473	0.006598841952686757	2129.15	0.03683538262774638	2129.15	0.04027942073848394
2135.82486	0.0035288053716660064	2135.82486	0.006747977632201113	2129.17	0.03805296687738183	2129.17	0.041385672636179635
2135.855	0.0035985239899314347	2135.855	0.00687711302485175	2129.19	0.03932288127973059	2129.19	0.04256226887084619
2135.88513	0.0036532427015551067	2135.88513	0.0069912487043661126	2129.21	0.040586922033308104	2129.21	0.04375758890136033
2135.91527	0.003707961319820534	2135.91527	0.007105384097016748	2129.23	0.0417803233862032	2129.23	0.04490949148465396
2135.9454	0.003762680031444199	2135.9454	0.007239519776531117	2129.25	0.04284022030720576	2129.25	0.045952018385744885
2135.97553	0.003842398743067868	2135.97553	0.007393655456045478	2129.27	0.04371627111388695	2129.27	0.04682666456453082
2136.00567	0.003937117361333307	2136.00567	0.0075777908486961	2129.29	0.044381672901586545	2129.29	0.04749674712135458
2136.0358	0.004046836072956965	2136.0358	0.00778192652821047	2129.31	0.044841692091240795	2129.31	0.0479611013745127
2136.06593	0.0041615547845806344	2136.06593	0.00799106220772483	2129.33	0.04513658063232538	2129.33	0.04826202182550004
2136.09607	0.00426627340284607	2136.09607	0.008200197600375464	2129.35	0.04533691840130799	2129.35	0.04848316352647186
2136.1262	0.004365992114469738	2136.1262	0.008399333279889828	2129.37	0.04553182772082812	2129.37	0.04873621065895772
2136.15634	0.004455710732735166	2136.15634	0.00859346867254046	2129.39	0.04581310915163962	2129.39	0.049139346440001716
2136.18647	0.004545429444358838	2136.18647	0.008792604352054811	2129.41	0.04625981250728764	2129.41	0.04979390269511354
2136.2166	0.004635148155982503	2136.2166	0.008996740031569195	2129.43	0.04692730599458504	2129.43	0.050766307609500225
2136.24674	0.00474486677424793	2136.24674	0.009225875424219807	2129.45	0.047842844290211684	2129.45	0.052080219257984894
2136.27687	0.0048695854858716026	2136.27687	0.00947501110373418	2129.47	0.04900713784038124	2129.47	0.05371972271872587
2136.30701	0.0050093041041370315	2136.30701	0.009744146496384817	2129.49	0.050399750814405814	2129.49	0.055640657787878196
2136.33714	0.005164022815760692	2136.33714	0.010018282175899174	2129.51	0.051985875725889634	2129.51	0.057785114455320544
2136.36727	0.005313741527384369	2136.36727	0.010297417855413549	2129.53	0.05372280084123366	2129.53	0.060094289582747776
2136.39741	0.005458460145649796	2136.39741	0.010561553248064154	2129.55	0.05556534015461882	2129.55	0.06251653371991918
2136.42754	0.005593178857273458	2136.42754	0.010820688927578537	2129.57	0.057469942173588966	2129.57	0.06500942903343833
2136.45767	0.00571789756889713	2136.45767	0.01107982460709292	2129.59	0.05939706796302711	2129.59	0.06753638810402728
2136.48781	0.005842616187162565	2136.48781	0.011343959999743525	2129.61	0.06131124151546507	2129.61	0.07005943939050967
2136.51794	0.005977334898786227	2136.51794	0.011638095679257901	2129.63	0.06317853842304663	2129.63	0.07253078187960418
2136.54808	0.006127053517051659	2136.54808	0.01195723107190852	2129.65	0.06496236471615921	2129.65	0.07488637180093068
2136.57821	0.006296772228675335	2136.57821	0.012311366751422886	2129.67	0.06661969201077665	2129.67	0.07704485526546098
2136.60834	0.006481490940298991	2136.60834	0.01268550243093726	2129.69	0.06810054914995282	2129.69	0.07891405675558348
2136.63848	0.006681209558564424	2136.63848	0.013074637823587879	2129.71	0.0693527973682519	2129.71	0.08040488373665801
2136.66861	0.0068859282701881006	2136.66861	0.013473773503102249	2129.73	0.07033205523882774	2129.73	0.08144961263748235
2136.69874	0.007100646981811773	2136.69874	0.013892909182616625	2129.75	0.07101400221314827	2129.75	0.0820193545825565
2136.72888	0.007320365600077192	2136.72888	0.014337044575267244	2129.77	0.07140455071079009	2129.77	0.0821351947918445
2136.75901	0.007560084311700868	2136.75901	0.01481618025478161	2129.79	0.07154359274609032	2129.79	0.08186933310303178
2136.78915	0.007819802929966292	2136.78915	0.015350315647432236	2129.81	0.07150027096879243	2129.81	0.08133573609546217
2136.81928	0.00809952164158996	2136.81928	0.015934451326946597	2129.83	0.0713609745538321	2129.83	0.08067294500264174
2136.84941	0.008404240353213632	2136.84941	0.01655858700646097	2129.85	0.0712139422365862	2129.85	0.0800235420205817
2136.87955	0.008728958971479059	2136.87955	0.017222722399111587	2129.87	0.0711352126185982	2129.87	0.07951489433947803
2136.90968	0.009063677683102726	2136.90968	0.01790185807862596	2129.89	0.07117944060528548	2129.89	0.07924453391333014
2136.93982	0.009418396301368155	2136.93982	0.018600993471276583	2129.91	0.0713766309778421	2129.91	0.07927171149068196
2136.96995	0.009788115012991823	2136.96995	0.01931512915079095	2129.93	0.07173351499954377	2129.93	0.07961506921627648
2137.00008	0.010177833724615497	2137.00008	0.020064264830305323	2129.95	0.0722372543979194	2129.95	0.08025543897451529
2137.03022	0.010592552342880923	2137.03022	0.020858400222955945	2129.97	0.0728596890515736	2129.97	0.08114252419565533
2137.06035	0.011032271054504598	2137.06035	0.021707535902470307	2129.99	0.07356180974900785	2129.99	0.08220441372086966
2137.09048	0.011501989766128269	2137.09048	0.022626671581984698	2130.01	0.07429940322584336	2130.01	0.08335914550697417
2137.12062	0.01200170838439369	2137.12062	0.023615806974635306	2130.03	0.07503093470528253	2130.03	0.0845275509790559
2137.15075	0.012541427096017362	2137.15075	0.024704942654149686	2130.05	0.07572748071284956	2130.05	0.08564619374502998
2137.18089	0.01314614571428279	2137.18089	0.025919078046800298	2130.07	0.07638254967145289	2130.07	0.08667848264129693
2137.21102	0.013850864425906453	2137.21102	0.02732321372631466	2130.09	0.07701813116829423	2130.09	0.08762143506302691
2137.24115	0.014705583137530127	2137.24115	0.02896734940582904	2130.11	0.07768341583254597	2130.11	0.08850571583131024
2137.27129	0.015755301755795557	2137.27129	0.030931484798479653	2130.13	0.07844470203852587	2130.13	0.08938790003327532
2137.30142	0.01704002046741923	2137.30142	0.03326562047799403	2130.15	0.0793683523619532	2130.15	0.09033620940528134
2137.33156	0.018584739085684657	2137.33156	0.03599975587064465	2130.17	0.08050174767613595	2130.17	0.09141333010223089
2137.36169	0.020404457797308324	2137.36169	0.03915389155015901	2130.19	0.08185841799154135	2130.19	0.09266110246064056
2137.39182	0.02249417650893199	2137.39182	0.0427330272296734	2130.21	0.08341216783817448	2130.21	0.09409110658770438
2137.42196	0.024863895127197423	2137.42196	0.046732162622324006	2130.23	0.08510165798288978	2130.23	0.09568274678275215
2137.45209	0.027523613838821084	2137.45209	0.051181298301838374	2130.25	0.08684319113577264	2130.25	0.09738767392930166
2137.48222	0.03050833255044476	2137.48222	0.056130433981352756	2130.27	0.0885471186956311	2130.27	0.09913781963026114
2137.51236	0.03386805116871019	2137.51236	0.06165456937400336	2130.29	0.09013320149172582	2130.29	0.10085469466747107
2137.54249	0.03766776988033386	2137.54249	0.06785370505351776	2130.31	0.09154199629055998	2130.31	0.10245933080916184
2137.57263	0.04198248849859928	2137.57263	0.07482784044616834	2130.33	0.09274158637029202	2130.33	0.10388374350887256
2137.60276	0.04690220721022295	2137.60276	0.08269697612568273	2130.35	0.09373040979242937	2130.35	0.10508459210621646
2137.63289	0.05250692592184662	2137.63289	0.09155611180519713	2130.37	0.09453702324331369	2130.37	0.10605754399755266
2137.66303	0.058886644540112054	2137.66303	0.10151524719784773	2130.39	0.09521682261663213	2130.39	0.10684799170080439
2137.69316	0.06614136325173572	2137.69316	0.11266938287736211	2130.41	0.09584504457525259	2130.41	0.10755235479801806
2137.72329	0.07437608196335939	2137.72329	0.12512351855687648	2130.43	0.09650566458056437	2130.43	0.10830582415323281
2137.75343	0.08368580058162482	2137.75343	0.1389776539495271	2130.45	0.0972772360516013	2130.45	0.10925698271077605
2137.78356	0.09417051929324849	2137.78356	0.15432178962904147	2130.47	0.09821861091748929	2130.47	0.11053531733867582
2137.8137	0.10590023791151393	2137.8137	0.17123092502169207	2130.49	0.099358723133171	2130.49	0.11222141612702224
2137.84383	0.1189249566231376	2137.84383	0.18973006070120646	2130.51	0.1006942459887383	2130.51	0.1143295368163967
2137.87396	0.13323467533476124	2137.87396	0.20978919638072085	2130.53	0.10219669683836016	2130.53	0.1168080417298999
2137.9041	0.14876939395302669	2137.9041	0.23129333177337147	2130.55	0.10382713550301041	2130.55	0.119556739282552
2137.93423	0.16539411266465037	2137.93423	0.2540324674528858	2130.57	0.10555339448573392	2130.57	0.12245432112754824
2137.96437	0.18289383128291578	2137.96437	0.2776866028455364	2130.59	0.10736333928031695	2130.59	0.12538631185274876
2137.9945	0.20096354999453947	2137.9945	0.3018357385250508	2130.61	0.10926888646376284	2130.61	0.12826515884808065
2138.02463	0.2192332687061631	2138.02463	0.3259598742045652	2130.63	0.11129906120621391	2130.63	0.13103827107948018
2138.05477	0.23725798732442854	2138.05477	0.3494890095972158	2130.65	0.11348467723850841	2130.65	0.13368466999846623
2138.0849	0.2545677060360522	2138.0849	0.37183314527673017	2130.67	0.11584023481273205	2130.67	0.13620415500088548
2138.11503	0.2706974247476759	2138.11503	0.39244228095624456	2130.69	0.11834902548436797	2130.69	0.1386034916185697
2138.14517	0.28522714336594135	2138.14517	0.41085141634889516	2130.71	0.12095538791074022	2130.71	0.14088282495671134
2138.1753	0.297836862077565	2138.1753	0.42671555202840955	2130.73	0.12356510202255915	2130.73	0.14302408909895944
2138.20544	0.3083265806958304	2138.20544	0.43980468742106016	2130.75	0.12605282468272302	2130.75	0.14498305202887726
2138.23557	0.3166062994074541	2138.23557	0.45000882310057455	2130.77	0.12827506208471584	2130.77	0.14668770547986112
2138.2657	0.3226860181190777	2138.2657	0.45731295878008893	2130.79	0.13008779228680215	2130.79	0.14804635907328056
2138.29584	0.32665073673734313	2138.29584	0.4617820941727395	2130.81	0.13136804079350542	2130.81	0.14896716768174953
2138.32597	0.32861045544896683	2138.32597	0.46355122985225394	2130.83	0.13203748042826155	2130.83	0.14938648213995212
2138.35611	0.3287001740672323	2138.35611	0.46282036524490455	2130.85	0.13208384237335474	2130.85	0.1492981483092411
2138.38624	0.32704489277885596	2138.38624	0.4598345009244189	2130.87	0.13157415178857668	2130.87	0.14877284196977
2138.41637	0.32378461149047966	2138.41637	0.45484863660393327	2130.89	0.1306541900957771	2130.89	0.14795822907231893
2138.44651	0.31905933010874504	2138.44651	0.4480927719965838	2130.91	0.12953166035416014	2130.91	0.1470572198143361
2138.47664	0.31301404882036876	2138.47664	0.4397669076760983	2130.93	0.12844525389192155	2130.93	0.14629007090564916
2138.50677	0.3058037675319924	2138.50677	0.4300260433556126	2130.95	0.12762620474126693	2130.95	0.14585248833334946
2138.53691	0.2975684861502578	2138.53691	0.41899517874826325	2130.97	0.12726121519763492	2130.97	0.14588312622721833
2138.56704	0.28844320486188146	2138.56704	0.4067943144277776	2130.99	0.12746517834741314	2130.99	0.1464496208006144
2138.59718	0.27855292348014693	2138.59718	0.3935584498204282	2131.01	0.12826942074462205	2131.01	0.1475549200243888
2138.62731	0.2680176421917706	2138.62731	0.3794675854999426	2131.03	0.12962735187106736	2131.03	0.14915872787992154
2138.65744	0.25697236090339426	2138.65744	0.364701721179457	2131.05	0.13143550070094398	2131.05	0.15120513358150475
2138.68758	0.24554707952165966	2138.68758	0.3494658565721076	2131.07	0.1335646778905734	2131.07	0.15364768748899332
2138.71771	0.23388679823328334	2138.71771	0.33393999225162196	2131.09	0.1358939145071331	2131.09	0.1564661382212256
2138.74784	0.222141516944907	2138.74784	0.3182941279311363	2131.11	0.13833927742440766	2131.11	0.15967270229706795
2138.77798	0.21045623556317244	2138.77798	0.30267826332378694	2131.13	0.1408708656340419	2131.13	0.1633083956177233
2138.80811	0.19895095427479612	2138.80811	0.2872223990033013	2131.15	0.14351410511239576	2131.15	0.16743103036640902
2138.83825	0.18773067289306153	2138.83825	0.27204153439595197	2131.17	0.14633527113851935	2131.17	0.1720965365114864
2138.86838	0.1768703916046852	2138.86838	0.2572406700754663	2131.19	0.1494150352460847	2131.19	0.17733543188201903
2138.89851	0.16642511031630888	2138.89851	0.24290480575498066	2131.21	0.15281677822293477	2131.21	0.18312737124468456
2138.92865	0.1564298289345743	2138.92865	0.2291089411476313	2131.23	0.1565576712214776	2131.23	0.1893786201805942
2138.95878	0.14690454764619798	2138.95878	0.21589807682714568	2131.25	0.16058972704918514	2131.25	0.19590885611490363
2138.98892	0.13788426626446343	2138.98892	0.20331721221979632	2131.27	0.16479528635584073	2131.27	0.20245335893136907
2139.01905	0.12938398497608708	2139.01905	0.19138134789931066	2131.29	0.16899745278812023	2131.29	0.20868358862307926
2139.04918	0.12143370368771074	2139.04918	0.180115483578825	2131.31	0.17298210109313353	2131.31	0.21424404524669666
2139.07932	0.11403342230597618	2139.07932	0.16952461897147564	2131.33	0.17652568597047164	2131.33	0.21879826804709335
2139.10945	0.10717814101759984	2139.10945	0.15960375465099	2131.35	0.17942306696675972	2131.35	0.2220742566426471
2139.13958	0.1008378597292235	2139.13958	0.15033289033050437	2131.37	0.18151164896267896	2131.37	0.22390069185179962
2139.16972	0.09496257834748895	2139.16972	0.14168202572315503	2131.39	0.1826908273374822	2131.39	0.22422924120030793
2139.19985	0.08949729705911261	2139.19985	0.13360116140266937	2131.41	0.1829371384924792	2131.41	0.22314250586436365
2139.22999	0.08439201567737804	2139.22999	0.12605029679531998	2131.43	0.18231464109657375	2131.43	0.22084936546939662
2139.26012	0.07961673438900171	2139.26012	0.11897443247483436	2131.45	0.18097761559497766	2131.45	0.21766886482832554
2139.29025	0.07515645310062538	2139.29025	0.11234356815434873	2131.47	0.17916085070951104	2131.47	0.2140018666379482
2139.32039	0.07100117171889081	2139.32039	0.10613270354699937	2131.49	0.1771538333676144	2131.49	0.2102891604057874
2139.35052	0.06716089043051447	2139.35052	0.10032183922651372	2131.51	0.17525975003232666	2131.51	0.20695747971584214
2139.38065	0.06361560914213814	2139.38065	0.09490097490602808	2131.53	0.1737467110916433	2131.53	0.20436052956321415
2139.41079	0.06034532776040357	2139.41079	0.0898501102986787	2131.55	0.1728038163406496	2131.55	0.20272790069027907
2139.44092	0.057320046472027236	2139.44092	0.08514424597819309	2131.57	0.17251556818324432	2131.57	0.2021370067780781
2139.47106	0.054499765090292675	2139.47106	0.0807483813708437	2131.59	0.1728635671100936	2131.59	0.2025194515653354
2139.50119	0.05184948380191634	2139.50119	0.07663251705035806	2131.61	0.17375575507260416	2131.61	0.2037036771926725
2139.53132	0.04935420251354	2139.53132	0.07276165272987245	2131.63	0.17507392440839828	2131.63	0.20548335181923183
2139.56146	0.04698892113180544	2139.56146	0.06911078812252305	2131.65	0.17672344439844126	2131.65	0.20769048693998246
2139.59159	0.0447636398434291	2139.59159	0.06567492380203743	2131.67	0.17866786317702413	2131.67	0.21024842070001296
2139.62173	0.04267835846169453	2139.62173	0.06243405919468806	2131.69	0.18093600253026415	2131.69	0.21318516122932146
2139.65186	0.0407280771733182	2139.65186	0.05938319487420242	2131.71	0.18359894339632826	2131.71	0.2166011999293042
2139.68199	0.038902795884941874	2139.68199	0.0565073305537168	2131.73	0.18672557576264323	2131.73	0.22060309925769764
2139.71213	0.0371975145032073	2139.71213	0.05380146594636742	2131.75	0.19033393438153384	2131.75	0.2252280754411324
2139.74226	0.03559223321483097	2139.74226	0.051250601625881784	2131.77	0.19435779211019227	2131.77	0.2303893169688782
2139.77239	0.03408195192645464	2139.77239	0.048844737305396166	2131.79	0.1986426475569342	2131.79	0.23586453418204978
2139.80253	0.032661670544720064	2139.80253	0.04657887269804678	2131.81	0.20297419152006854	2131.81	0.2413340282418912
2139.83266	0.031321389256343736	2139.83266	0.04443800837756115	2131.83	0.2071300325902368	2131.83	0.24645622886613314
2139.8628	0.030061107874609166	2139.8628	0.042422143770211765	2131.85	0.21093700999012366	2131.85	0.2509557540566457
2139.89293	0.028885826586232836	2139.89293	0.04051627944972615	2131.87	0.21431513763181934	2131.87	0.2546962683304903
2139.92306	0.027775545297856502	2139.92306	0.03871041512924052	2131.89	0.2172950821260838	2131.89	0.25771756337657276
2139.9532	0.026730263916121932	2139.9532	0.036999550521891134	2131.91	0.22000592389070245	2131.91	0.2602289977231121
2139.98333	0.025744982627745598	2139.98333	0.035373686201405505	2131.93	0.2226393212586177	2131.93	0.26256395705602686
2140.01347	0.024809701246011027	2140.01347	0.03383282159405612	2131.95	0.22540164074295746	2131.95	0.26510822283663477
2140.0436	0.0239294199576347	2140.0436	0.0323769572735705	2131.97	0.22846617252806076	2131.97	0.26821812808592654
2140.07373	0.023104138669258367	2140.07373	0.03101109295308485	2131.99	0.23193466877547977	2131.99	0.27214377243050747
2140.10387	0.022338857287523793	2140.10387	0.02973022834573548	2132.01	0.23581361035749285	2132.01	0.276970604281055
2140.134	0.021623575999147465	2140.134	0.02852936402524986	2132.03	0.24000768189641777	2132.03	0.28259038581358153
2140.16413	0.020968294710771135	2140.16413	0.027398499704764212	2132.05	0.2443312238818985	2132.05	0.28870929365508297
2140.19427	0.020353013329036558	2140.19427	0.026327635097414842	2132.07	0.24853698182743275	2132.07	0.29489539477666277
2140.2244	0.019772732040660233	2140.2244	0.025311770776929213	2132.09	0.25235920740873147	2132.09	0.3006596867568156
2140.25454	0.019227450658925664	2140.25454	0.024345906169579837	2132.11	0.2555649696482767	2132.11	0.3055559751434462
2140.28467	0.018702169370549332	2140.28467	0.02342504184909419	2132.13	0.25800449762495786	2132.13	0.309278239691322
2140.3148	0.018206888082172995	2140.3148	0.022559177528608573	2132.15	0.25965007053705924	2132.15	0.3117328282018124
2140.34494	0.01774160670043843	2140.34494	0.0217483129212592	2132.17	0.2606143686165264	2132.17	0.3130679590340545
2140.37507	0.0173163254120621	2140.37507	0.020992448600773567	2132.19	0.2611431052248791	2132.19	0.3136532446130074
2140.4052	0.016931044123685762	2140.4052	0.020286584280287928	2132.21	0.26158210116260716	2132.21	0.31401413672917294
2140.43534	0.016590762741951197	2140.43534	0.019620719672938547	2132.23	0.2623244800410934	2132.23	0.314736898678451
2140.46547	0.016285481453574863	2140.46547	0.01899485535245292	2132.25	0.2637483043696621	2132.25	0.31636629324649385
2140.49561	0.016010200071840293	2140.49561	0.018388990745103542	2132.27	0.26615772470403604	2132.27	0.319319130207959
2140.52574	0.015749918783463962	2140.52574	0.017808126424617918	2132.29	0.26974043141237664	2132.29	0.32383172518690356
2140.55587	0.015489637495087631	2140.55587	0.01724226210413228	2132.31	0.2745500582466439	2132.31	0.32994911125201615
2140.58601	0.015224356113353057	2140.58601	0.016696397496782908	2132.33	0.28051472273256034	2132.33	0.3375512607612173
2140.61614	0.014959074824976729	2140.61614	0.016165533176297278	2132.35	0.2874646275522604	2132.35	0.34640099061495067
2140.64628	0.014703793443242165	2140.64628	0.015649668568947894	2132.37	0.29516634844942663	2132.37	0.35619405840178914
2140.67641	0.014468512154865824	2140.67641	0.015163804248462268	2132.39	0.3033519737845004	2132.39	0.3665961934728403
2140.70654	0.014273230866489496	2140.70654	0.014697939927976633	2132.41	0.31173751245252074	2132.41	0.377262293628938
2140.73668	0.014107949484754925	2140.73668	0.01426207532062726	2132.43	0.3200333919995307	2132.43	0.3878441257634947
2140.76681	0.013977668196378593	2140.76681	0.01385621100014163	2132.45	0.327955336501184	2132.45	0.39799852799086477
2140.79694	0.013872386908002257	2140.79694	0.013475346679655997	2132.47	0.33524298385782725	2132.47	0.40740542427733184
2140.82708	0.013777105526267694	2140.82708	0.013114482072306616	2132.49	0.34168677462948077	2132.49	0.4157960030662395
2140.85721	0.013676824237891357	2140.85721	0.012773617751820995	2132.51	0.3471552402142289	2132.51	0.4229819613532182
2140.88735	0.01357154285615679	2140.88735	0.012442753144471616	2132.53	0.35161037153430263	2132.53	0.42887273719800845
2140.91748	0.013466261567780462	2140.91748	0.012121888823985988	2132.55	0.3551015788743734	2132.55	0.43347172736677936
2140.94761	0.013370980279404122	2140.94761	0.011811024503500356	2132.57	0.3577378765989827	2132.57	0.4368523890263592
2140.97775	0.013290698897669553	2140.97775	0.011510159896150979	2132.59	0.3596485833629381	2132.59	0.439125281187845
2141.00788	0.013230417609293228	2141.00788	0.011219295575665353	2132.61	0.3609492174528151	2132.61	0.440411883964601
2141.03801	0.01318513632091689	2141.03801	0.01093843125517971	2132.63	0.36172778921828636	2132.63	0.44083786252288965
2141.06815	0.013149854939182318	2141.06815	0.010667566647830334	2132.65	0.36205783101349176	2132.65	0.44054897041013763
2141.09828	0.01311457365080599	2141.09828	0.010401702327344692	2132.67	0.36203240655936847	2132.67	0.43974170168487486
2141.12842	0.013074292269071426	2141.12842	0.010140837719995327	2132.69	0.3618035401974632	2132.69	0.43869318459613654
2141.15855	0.013024010980695083	2141.15855	0.009884973399509694	2132.71	0.3616081785504325	2132.71	0.4377736618598272
2141.18868	0.012968729692318756	2141.18868	0.009639109079024058	2132.73	0.36176600708483914	2132.73	0.4374301176986801
2141.21882	0.012923448310584194	2141.21882	0.009398244471674685	2132.75	0.36264410647411355	2132.75	0.4381386693803593
2141.24895	0.01289316702220785	2141.24895	0.00916738015118905	2132.77	0.3645946978576798	2132.77	0.4403329623399075
2141.27909	0.012882885640473282	2141.27909	0.008946515543839684	2132.79	0.36788129960531063	2132.79	0.4443234102661889
2141.30922	0.012882604352096955	2141.30922	0.008725651223354058	2132.81	0.3726130450844929	2132.81	0.45022630226580374
2141.33935	0.012887323063720625	2141.33935	0.00850978690286841	2132.83	0.3787059065376282	2132.83	0.45792194415970544
2141.36949	0.012882041681986048	2141.36949	0.008293922295519049	2132.85	0.38588368534115736	2132.85	0.4670567636744581
2141.39962	0.012866760393609719	2141.39962	0.008083057975033406	2132.87	0.39372228465823655	2132.87	0.47709566234477296
2141.42975	0.012836479105233396	2141.42975	0.007877193654547796	2132.89	0.40172998654859426	2132.89	0.48741878903090147
2141.45989	0.012801197723498817	2141.45989	0.007681329047198399	2132.91	0.40944663622985716	2132.91	0.49744388087880864
2141.49002	0.012775916435122485	2141.49002	0.007495464726712767	2132.93	0.4165383215563458	2132.93	0.5067453098776202
2141.52016	0.012775635053387913	2141.52016	0.007324600119363395	2132.95	0.42286341265692734	2132.95	0.5151380998281823
2141.55029	0.012800353765011582	2141.55029	0.007148735798877759	2132.97	0.42849166286424484	2132.97	0.5227019186896265
2141.58042	0.012840072476635253	2141.58042	0.006967871478392146	2132.99	0.4336697423347902	2132.99	0.529735754330139
2141.61056	0.01287979109490068	2141.61056	0.006772006871042749	2133.01	0.43874143661689297	2133.01	0.5366544840400407
2141.64069	0.012899509806524344	2141.64069	0.00656114255055712	2133.03	0.44404460117485844	2133.03	0.5438572651439749
2141.67083	0.01289422842478978	2141.67083	0.006340277943207739	2133.05	0.44981518658530534	2133.05	0.5516079070340812
2141.70096	0.01286394713641345	2141.70096	0.006119413622722114	2133.07	0.4561278273892704	2133.07	0.5599649691159444
2141.73109	0.012833665848037114	2141.73109	0.005908549302236485	2133.09	0.46289200076178405	2133.09	0.568784432851409
2141.76123	0.012818384466302547	2141.76123	0.005722684694887098	2133.11	0.4699054077372049	2133.11	0.5777949727879234
2141.79136	0.012848103177926222	2141.79136	0.005566820374401468	2133.13	0.47694744721616467	2133.13	0.5867223297462937
2141.82149	0.01293282188954989	2141.82149	0.0054359560539158636	2133.15	0.483881637857485	2133.15	0.5954224227640784
2141.85163	0.013062540507815315	2141.85163	0.005325091446566468	2133.17	0.4907314403102768	2133.17	0.6039779119544647
2141.88176	0.013227259219438986	2141.88176	0.005219227126080833	2133.19	0.497701100355956	2133.19	0.6127219498364564
2141.9119	0.013401977837704415	2141.9119	0.005108362518731452	2133.21	0.5051302925635747	2133.21	0.6221741396033363
2141.94203	0.013576696549328075	2141.94203	0.004982498198245824	2133.23	0.5133935698031948	2133.23	0.6329018554214972
2141.97216	0.013746415260951751	2141.97216	0.00484163387776021	2133.25	0.5227757160102665	2133.25	0.6453466004397662
2142.0023	0.013916133879217175	2142.0023	0.004690769270410816	2133.27	0.5333646614341951	2133.27	0.6596704385098597
2142.03243	0.014115852590840847	2142.03243	0.0045349049499251864	2133.29	0.5449998887804364	2133.29	0.6756746695067948
2142.06256	0.014355571302464516	2142.06256	0.004384040629439562	2133.31	0.5572965835179159	2133.31	0.692821019054912
2142.0927	0.014655289920729946	2142.0927	0.004243176022090178	2133.33	0.569740184708359	2133.33	0.7103517275337913
2142.12283	0.015025008632353613	2142.12283	0.004122311701604556	2133.35	0.5818219831938132	2133.35	0.7274716484350555
2142.15297	0.01545472725061904	2142.15297	0.004011447094255174	2133.37	0.5931728962332248	2133.37	0.7435354743347322
2142.1831	0.015934445962242715	2142.1831	0.0039055827737695392	2133.39	0.6036540430680101	2133.39	0.7581836006180298
2142.21323	0.01644916467386639	2142.21323	0.003799718453283918	2133.41	0.6133779683975759	2133.41	0.7713898087386317
2142.24337	0.016988883292131808	2142.24337	0.0036988538459345327	2133.43	0.6226575192777121	2133.43	0.783414978755035
2142.2735	0.017568602003755485	2142.2735	0.0035979895254489025	2133.45	0.6319028375847995	2133.45	0.794692464885024
2142.30364	0.018228320622020913	2142.30364	0.0035071249180995273	2133.47	0.6415034990590085	2133.47	0.8056922886720859
2142.33377	0.019013039333644573	2142.33377	0.0034262605976138893	2133.49	0.6517371476864894	2133.49	0.8168157167858513
2142.3639	0.019977758045268246	2142.3639	0.0033553962771282614	2133.51	0.6627356203108044	2133.51	0.8283566809170043
2142.39404	0.021152476663533676	2142.39404	0.0032945316697788884	2133.53	0.6745165151979862	2133.53	0.8405358486291554
2142.42417	0.022537195375157346	2142.42417	0.0032336673492932566	2133.55	0.6870598508063201	2133.55	0.8535779506364394
2142.4543	0.024121914086781014	2142.4543	0.0031728030288076248	2133.57	0.7003875277526308	2133.57	0.8677787236971783
2142.48444	0.025871632705046443	2142.48444	0.003106938421458233	2133.59	0.714599132639815	2133.59	0.8835081564675334
2142.51457	0.027806351416670115	2142.51457	0.0030310741009726277	2133.61	0.7298360820135452	2133.61	0.9011253707654141
2142.54471	0.029986070034935544	2142.54471	0.002960209493623245	2133.63	0.7461812162494401	2133.63	0.9208267558442262
2142.57484	0.03256078874655921	2142.57484	0.002899345173137599	2133.65	0.763536945200355	2133.65	0.9424908866785245
2142.60497	0.035725507458182884	2142.60497	0.0028484808526519773	2133.67	0.7815434303891148	2133.67	0.9655984875307461
2142.63511	0.03969022607644831	2142.63511	0.0028176162453025927	2133.69	0.7995876446834786	2133.69	0.9892823208929348
2142.66524	0.044639944788071984	2142.66524	0.002796751924816973	2133.71	0.8169171576196369	2133.71	1.0125086930070777
2142.69538	0.0507246634063374	2142.69538	0.0027808873174675897	2133.73	0.8328257583686618	2133.73	1.0343338746163218
2142.72551	0.058154382117961076	2142.72551	0.002755022996981951	2133.75	0.8468441492090297	2133.75	1.054143726611936
2142.75564	0.06732910082958475	2142.75564	0.0027241586764963355	2133.77	0.8588647396041454	2133.77	1.0717905835090837
2142.78578	0.07899381944785017	2142.78578	0.002678294069146936	2133.79	0.8691569355847423	2133.79	1.087584680940606
2142.81591	0.09438853815947384	2142.81591	0.002637429748661324	2133.81	0.8782741164399919	2133.81	1.1021559845530169
2142.84604	0.11532825687109752	2142.84604	0.0026115654281756995	2133.83	0.886893509933886	2133.83	1.116247684414327
2142.87618	0.14419297548936294	2142.87618	0.0026157008208263083	2133.85	0.8956476360024461	2133.85	1.130515864195307
2142.90631	0.18392769420098662	2142.90631	0.002649836500340688	2133.87	0.9049969743396418	2133.87	1.1453911097581564
2142.93645	0.23799741281925205	2142.93645	0.0027139718929912876	2133.89	0.9151684399796345	2133.89	1.1610238795685592
2142.96658	0.3100071315308757	2142.96658	0.002798107572505676	2133.91	0.9261593634653709	2133.91	1.1773069648339343
2142.99671	0.4013968502424994	2142.99671	0.002872243252020054	2133.93	0.9377928325579595	2133.93	1.193955964441314
2143.02685	0.5007265688607648	2143.02685	0.0029163786446706613	2133.95	0.949807165807165	2133.95	1.2106280516173344
2143.05698	0.5565012875723885	2143.05698	0.002905514324185038	2133.97	0.9619619416758918	2133.97	1.2270582247908877
2143.08711	0.5100060062840122	2143.08711	0.0028246500036994	2133.99	0.9741388223402419	2133.99	1.2431836116546708
2143.11725	0.4062407249022776	2143.11725	0.00268378539635003	2134.01	0.9864091312103334	2134.01	1.259215960562839
2143.14738	0.30538044361390126	2143.14738	0.002487921075864402	2134.03	0.999040581393284	2134.03	1.2756245345324757
2143.17752	0.22421016223216667	2143.17752	0.002267056468515008	2134.05	1.012430308946674	2134.05	1.2930161686638018
2143.20765	0.16266988094379034	2143.20765	0.0020511921480294015	2134.07	1.0269785722445488	2134.07	1.311940831692677
2143.23778	0.11752459965541401	2143.23778	0.0018603278275437507	2134.09	1.042944674405367	2134.09	1.3326892567890554
2143.26792	0.08537931827367945	2143.26792	0.00171446322019439	2134.11	1.060338141974483	2134.11	1.355161035444386
2143.29805	0.0631740369853031	2143.29805	0.0016135988997087458	2134.13	1.0788855416382162	2134.13	1.3788567690160967
2143.32819	0.04818375560356854	2143.32819	0.0015427342923593629	2134.15	1.0980815791768876	2134.15	1.4029966416137583
2143.35832	0.03805347431519221	2143.35832	0.001491869971873755	2134.17	1.1172983295443821	2134.17	1.4267154222638923
2143.38845	0.030908193026815873	2143.38845	0.0014410056513881053	2134.19	1.135906308674535	2134.19	1.4492563857057186
2143.41859	0.025432911645081303	2143.41859	0.0013901410440387285	2134.21	1.1533648775995042	2134.21	1.470096218218408
2143.44872	0.020912630356704973	2143.44872	0.0013292767235530967	2134.23	1.1692630406355	2134.23	1.4889722073048608
2143.47885	0.017087349068328636	2143.47885	0.0012734124030674698	2134.25	1.183320390049041	2134.25	1.5058298061441804
2143.50899	0.013962067686594068	2143.50899	0.0012275477957180841	2134.27	1.1953752211968165	2134.27	1.520738802334444
2143.53912	0.011586786398217738	2143.53912	0.0011916834752324634	2134.29	1.2053837634395255	2134.29	1.5338263907711382
2143.56926	0.009906505016483158	2143.56926	0.001170818867883075	2134.31	1.2134346766839723	2134.31	1.5452493333920978
2143.59939	0.008751223728106834	2143.59939	0.0011549545473974465	2134.33	1.2197603226873475	2134.33	1.5551931752647778
2143.62952	0.007885942439730502	2143.62952	0.001134090226911827	2134.35	1.224716624829349	2134.35	1.5638657410595855
2143.65966	0.007105661057995934	2143.65966	0.0010982256195624374	2134.37	1.2287146996613423	2134.37	1.571457493237875
2143.68979	0.006310379769619595	2143.68979	0.0010523612990768205	2134.39	1.2321150315153313	2134.39	1.578069306016327
2143.71992	0.005505098481243267	2143.71992	0.0009964969785911937	2134.41	1.235123179401998	2134.41	1.5836412087902276
2143.75006	0.0047698170995087025	2143.75006	0.000950632371241808	2134.43	1.2377372118817687	2134.43	1.5879321147128909
2143.78019	0.004184535811132366	2143.78019	0.0009247680507561834	2134.45	1.2397818702002505	2134.45	1.5905875100442193
2143.81033	0.003779254429397798	2143.81033	0.0009089034434068	2134.47	1.2410277137737558	2134.47	1.5912931061093525
2143.84046	0.003523973141021472	2143.84046	0.0009080391229211726	2134.49	1.2413523909257955	2134.49	1.589966363955853
2143.87059	0.003338691852645126	2143.87059	0.0009071748024355453	2134.51	1.240876346585496	2134.51	1.5869087465170133
2143.90073	0.0031434104709105667	2143.90073	0.000896310195086153	2134.53	1.240009966057279	2134.53	1.5828460451944815
2143.93086	0.002898129182534237	2143.93086	0.0008704458746005284	2134.55	1.239382419536159	2134.55	1.5788223034644826
2143.961	0.002607847800799666	2143.961	0.0008295812672511477	2134.57	1.239670029841822	2134.57	1.5759687012731483
2143.99113	0.002312566512423328	2143.99113	0.000788716946765522	2134.59	1.2413836001433989	2134.59	1.5752185429270207
2144.02126	0.002062285224047	2144.02126	0.0007578526262798924	2134.61	1.2446930244092664	2134.61	1.5770630877711718
2144.0514	0.0018920038423124313	2144.0514	0.0007419880189305089	2134.63	1.2493568666372163	2134.63	1.5814319123160705
2144.08153	0.001801722553936097	2144.08153	0.0007461236984448866	2134.65	1.254789018018515	2134.65	1.5877407217675863
2144.11166	0.0017714412655597672	2144.11166	0.0007602593779592465	2134.67	1.2602470408029418	2134.67	1.595093850904709
2144.1418	0.0017611598838251918	2144.1418	0.0007743947706098792	2134.69	1.2650838505224378	2134.69	1.602577089847394
2144.17193	0.001725878595448857	2144.17193	0.0007685304501242468	2134.71	1.2689806968117547	2134.71	1.6095463615021215
2144.20207	0.001650597213714293	2144.20207	0.0007476658427748722	2134.73	1.2720834456708987	2134.73	1.6158198972663314
2144.2322	0.0015353159253379614	2144.2322	0.0007118015222892377	2134.75	1.2749951021288504	2134.75	1.621715867436748
2144.26233	0.0014000346369616237	2144.26233	0.0006709372018035981	2134.77	1.2786248244897604	2134.77	1.6279317514914786
2144.29247	0.0012647532552270621	2144.29247	0.0006350725944542362	2134.79	1.283940499726981	2134.79	1.6353152620351765
2144.3226	0.0011544719668507356	2144.3226	0.0006192082739685939	2134.81	1.2917014893377572	2134.81	1.6446083417234143
2144.35274	0.0010741905851161596	2144.35274	0.0006083436666192155	2134.83	1.3022506299593082	2134.83	1.656244334039303
2144.38287	0.0010289092967398286	2144.38287	0.0006074793461335881	2134.85	1.3154211236345996	2134.85	1.6702480549221739
2144.413	0.0010086280083635019	2144.413	0.0006016150256479558	2134.87	1.3305754729610608	2134.87	1.6862463273073771
2144.44314	0.0009933466266289284	2144.44314	0.0005907504182985773	2134.89	1.3467551670214448	2134.89	1.7035629290344874
2144.47327	0.0009680653382525897	2144.47327	0.0005698860978129439	2134.91	1.3628937547631603	2134.91	1.7213590244864707
2144.5034	0.0009327840498762618	2144.5034	0.0005540217773273154	2134.93	1.378037373282984	2134.93	1.73878625049492
2144.53354	0.000882502668141695	2144.53354	0.0005431571699779508	2134.95	1.3915234508069447	2134.95	1.7551324174441572
2144.56367	0.0008322213797653591	2144.56367	0.0005472928494923007	2134.97	1.4030839532848594	2134.97	1.7699464088049404
2144.59381	0.0007869399980307903	2144.59381	0.0005564282421429423	2134.99	1.4128583133230403	2134.99	1.7831253621183527
2144.62394	0.0007616587096544586	2144.62394	0.0005755639216572933	2135.01	1.4213198215622795	2135.01	1.7949408483883613
2144.65407	0.0007413774212781249	2144.65407	0.000579699601171671	2135.03	1.4291364313901957	2135.03	1.805983664944293
2144.68421	0.0007210960395435603	2144.68421	0.0005688349938222786	2135.05	1.4370009269128772	2135.05	1.8170258519088733
2144.71434	0.0006858147511672255	2144.71434	0.0005379706733366629	2135.07	1.4454729280119916	2135.07	1.828828733657281
2144.74447	0.0006305334627908915	2144.74447	0.0004921063528510322	2135.09	1.4548725995864469	2135.09	1.8419525477757719
2144.77461	0.0005552520810563205	2144.77461	0.0004412417455016415	2135.11	1.4652520218096718	2135.11	1.8566311188934976
2144.80474	0.0004749707926799962	2144.80474	0.0004053774250160208	2135.13	1.4764482043405152	2135.13	1.8727572944479058
2144.83488	0.0004096894109454144	2144.83488	0.00038951281766663737	2135.15	1.4881985195189373	2135.15	1.8899872248752374
2144.86501	0.0003794081225690915	2144.86501	0.00039864849718100615	2135.17	1.500282175291405	2135.17	1.907928832780672
2144.89514	0.000384126834192762	2144.89514	0.00042778417669538105	2135.19	1.5126448588506791	2135.19	1.9263483341039072
2144.92528	0.00041384545245819193	2144.92528	0.000451919569345996	2135.21	1.5254687213478078	2135.21	1.945319775584388
2144.95541	0.00044356416408185273	2144.95541	0.00047105524886037475	2135.23	1.539164614861645	2135.23	1.965259528906397
2144.98555	0.0004582827823472885	2144.98555	0.00046519064151098743	2135.25	1.554284856469326	2135.25	1.986825872382617
2145.01568	0.0004330014939709567	2145.01568	0.00043432632102535784	2135.27	1.5713786787110071	2135.27	2.0107119520857193
2145.04581	0.0003827202055946208	2145.04581	0.000388462000539741	2135.29	1.590833061408397	2135.29	2.03740277560229
2145.07595	0.00032243882386005784	2145.07595	0.0003425973931903553	2135.31	1.6127513384715588	2135.31	2.0669868738758796
2145.10608	0.0002671575354837169	2145.10608	0.0003067330727047207	2135.33	1.6369142863185238	2135.33	2.0990994796720264
2145.13621	0.00024187624710738514	2145.13621	0.00028586875221908725	2135.35	1.6628420091431044	2135.35	2.1330268517754245
2145.16635	0.0002565948653728209	2145.16635	0.00029500414486971493	2135.37	1.6899369564824858	2135.37	2.1679359789949983
2145.19648	0.0002913135769964867	2145.19648	0.00032413982438408984	2135.39	1.7176535435847136	2135.39	2.203136899878785
2145.22662	0.0003410321952619158	2145.22662	0.0003632752170347059	2135.41	1.7456246946825489	2135.41	2.2382636331906536
2145.25675	0.00038575090688558467	2145.25675	0.0003974108965490858	2135.43	1.7736904304570174	2135.43	2.273289043391205
2145.28688	0.0004004696185092582	2145.28688	0.0004165465760634368	2135.45	1.8018156749298802	2135.45	2.3083615765064915
2145.31702	0.0003901882367746759	2145.31702	0.00041568196871406837	2135.47	1.8299371964989275	2135.47	2.3435382620196656
2145.34715	0.00034990694839834996	2145.34715	0.0003898176482284438	2135.49	1.8578187532082016	2135.49	2.3785482906364646
2145.37729	0.00029962556666378315	2145.37729	0.00033895304087906697	2135.51	1.8849982557100646	2135.51	2.412722088372815
2145.40742	0.00024434427828744915	2145.40742	0.00028308872039344013	2135.53	1.9108747163020154	2135.53	2.445154620035403
2145.43755	0.00020406298991111627	2145.43755	0.0002272243999077994	2135.55	1.9349190238421932	2135.55	2.4750636411038416
2145.46769	0.00017878160817655364	2145.46769	0.0001813597925584276	2135.57	1.9569293399071022	2135.57	2.5022024977734403
2145.49782	0.00017350031980021413	2145.49782	0.00016049547207278025	2135.59	1.9772197553330166	2135.59	2.5271431037568197
2145.52795	0.00018321903142388268	2145.52795	0.0001646311515871579	2135.61	1.9966478463471555	2135.61	2.55128430283898
2145.55809	0.00019793764968931843	2145.55809	0.0001787665442377906	2135.63	2.0164487537239997	2135.63	2.576551327009593
2145.58822	0.00021265636131298504	2145.58822	0.0001929022237521505	2135.65	2.037924744723313	2135.65	2.604885704705553
2145.61836	0.0002173749795784108	2145.61836	0.00020203761640277818	2135.67	2.0621039897595934	2135.67	2.6377207108670047
2145.64849	0.00020709369120208015	2145.64849	0.00019617329591713195	2135.69	2.089500558089957	2135.69	2.6756499683235604
2145.67862	0.00018681240282574646	2145.67862	0.00017530897543151236	2135.71	2.120069182492398	2135.71	2.718418115249783
2145.70876	0.00016653102109117496	2145.70876	0.00015444436808212392	2135.73	2.153367721651894	2135.73	2.7652257013285273
2145.73889	0.00015624973271485126	2145.73889	0.00013858004759649545	2135.75	2.188851235021243	2135.75	2.815205066631224
2145.76902	0.00016096844433851482	2145.76902	0.0001377157271108681	2135.77	2.226163387656996	2135.77	2.867849657290311
2145.79916	0.00018068706260394168	2145.79916	0.0001568511197614919	2135.79	2.265291560536039	2135.79	2.9232007947278693
2145.82929	0.00021040577422761636	2145.82929	0.0001859867992758668	2135.81	2.306515251907974	2135.81	2.9817078929089607
2145.85943	0.0002451243924930513	2145.85943	0.00022012219192647786	2135.83	2.35017817540472	2135.83	3.0438349445261252
2145.88956	0.00027484310411670515	2145.88956	0.00024925787144085276	2135.85	2.396407067060876	2135.85	3.109617981421218
2145.91969	0.00029456181574037676	2145.91969	0.00025839355095522154	2135.87	2.444936928423098	2135.87	3.1784192382158944
2145.94983	0.00030428043400581445	2145.94983	0.0002575289436058392	2135.89	2.4951577068626087	2135.89	3.249043541141588
2145.97996	0.000308999145629478	2145.97996	0.00025166462312022075	2135.91	2.546385391871471	2135.91	3.3202075983336763
2146.0101	0.0003037177638949076	2146.0101	0.00024580001577083344	2135.93	2.598234299428998	2135.93	3.3911634115507248
2146.04023	0.000298436475518582	2146.04023	0.0002449356952852061	2135.95	2.6508954191158964	2135.95	3.4621721837966564
2146.07036	0.00028315518714224636	2146.07036	0.00025407137479957487	2135.97	2.705154504257777	2135.97	3.534570433159152
2146.1005	0.0002678738054076729	2146.1005	0.00026320676745020255	2135.99	2.7621068030643756	2135.99	3.61035471204909
2146.13063	0.00024759251703134616	2146.13063	0.00027234244696457133	2136.01	2.8226813766076044	2136.01	3.6914451236357024
2146.16076	0.00023231122865501053	2146.16076	0.000271478126478944	2136.03	2.8871915025100217	2136.03	3.7789465897139842
2146.1909	0.00021702984692043709	2146.1909	0.00026061351912956554	2136.05	2.9551191788949454	2136.05	3.8727235809817784
2146.22103	0.00021174855854411145	2146.22103	0.0002497491986439282	2136.07	3.0252244744641597	2136.07	3.9714418878443207
2146.25117	0.00021146717680953914	2146.25117	0.00023388459129454475	2136.09	3.0959100893522824	2136.09	4.073002558409601
2146.2813	0.00022118588843320075	2146.2813	0.00022802027080892628	2136.11	3.1656570260333283	2136.11	4.17512469300828
2146.31143	0.00023090460005687624	2146.31143	0.00022715595032328506	2136.13	3.233337817981983	2136.13	4.275809951557855
2146.34157	0.00023062321832231086	2146.34157	0.00022629134297391662	2136.15	3.2983050087462185	2136.15	4.373538242727593
2146.3717	0.00022534192994597135	2146.3717	0.00022042702248828427	2136.17	3.3602835560665594	2136.17	4.467218020418276
2146.40183	0.00021506064156964072	2146.40183	0.0002045627020026558	2136.19	3.4191895036746636	2136.19	4.556040503973952
2146.43197	0.00019977925983507422	2146.43197	0.00017869809465327624	2136.21	3.4750070907898993	2136.21	4.639401497095918
2146.4621	0.00018949797145874359	2146.4621	0.00015283377416763777	2136.23	3.527789952940355	2136.23	4.716967472225362
2146.49224	0.0001792165897241682	2146.49224	0.00012696916681827208	2136.25	3.5777594738461476	2136.25	4.788842040045607
2146.52237	0.00018393530134784564	2146.52237	0.00011110484633262974	2136.27	3.625412891336476	2136.27	4.855712845230154
2146.5525	0.00018365401297151807	2146.5525	0.00011024052584701627	2136.29	3.671556971163565	2136.29	4.918868940335054
2146.58264	0.00018837263123693687	2146.58264	0.00012437591849763507	2136.31	3.7172401951314913	2136.31	4.98006069825756
2146.61277	0.0001880913428606093	2146.61277	0.0001385115980119811	2136.33	3.763627000580328	2136.33	5.041272831246112
2146.64291	0.00018280996112603892	2146.64291	0.00015264699066261378	2136.35	3.811896733139995	2136.35	5.104534508965398
2146.67304	0.00017252867274970135	2146.67304	0.00015178267017697256	2136.37	3.8632341716468708	2136.37	5.1718665179759205
2146.70317	0.00016224738437337072	2146.70317	0.00014091834969136297	2136.39	3.918917789510073	2136.39	5.245377747807459
2146.73331	0.00015696600263880034	2146.73331	0.0001200537423419884	2136.41	3.9804427261744486	2136.41	5.327423134014488
2146.76344	0.00015168471426246777	2146.76344	8.918942185634493e-5	2136.43	4.049578836817574	2136.43	5.420681068340359
2146.79357	0.0001514034258861402	2146.79357	5.8325101370729215e-5	2136.45	4.128282100253227	2136.45	5.528032160019883
2146.82371	0.00015612204415157288	2146.82371	4.2460494021331896e-5	2136.47	4.218440873727438	2136.47	5.652210461301588
2146.85384	0.00015584075577523143	2146.85384	4.159617353570455e-5	2136.49	4.321513695685078	2136.49	5.795305020755034
2146.88398	0.00016555937404066912	2146.88398	5.5731566186323356e-5	2136.51	4.438166288399743	2136.51	5.958261377840527
2146.91411	0.00017527808566433767	2146.91411	8.486724570069826e-5	2136.53	4.56802325089886	2136.53	6.140542462819801
2146.94424	0.00019499679728800928	2146.94424	0.00011900292521507816	2136.55	4.7096192124007334	2136.55	6.340064326478073
2146.97438	0.00020971541555343115	2146.97438	0.0001481383178656842	2136.57	4.8605827101844845	2136.57	6.553451677133101
2147.00451	0.00022943412717710276	2147.00451	0.000167273997380063	2136.59	5.018029692950851	2136.59	6.776584540651092
2147.03465	0.00023415274544253545	2147.03465	0.00016640939003068067	2136.61	5.179090314614425	2136.61	7.005338890045325
2147.06478	0.00023387145706620094	2147.06478	0.00015554506954504332	2136.63	5.341448846939627	2136.63	7.236364126206367
2147.09491	0.0002235901686898703	2147.09491	0.0001296807490594326	2136.65	5.503755196422533	2136.65	7.467702948218244
2147.12505	0.0002033087869552988	2147.12505	0.00010381614171003917	2136.67	5.665785475205948	2136.67	7.6990707375765
2147.15518	0.0001830274985789651	2147.15518	8.79518212244107e-5	2136.69	5.828296307699773	2136.69	7.931691200400241
2147.18531	0.00017274621020263448	2147.18531	8.208750073879223e-5	2136.71	5.992616720258926	2136.71	8.167720299205511
2147.21545	0.00017246482846806216	2147.21545	9.122289338940603e-5	2136.73	6.160113329111412	2136.73	8.409432536507932
2147.24558	0.00018218354009173765	2147.24558	0.00011035857290378481	2136.75	6.3317074728796054	2136.75	8.658430464398322
2147.27572	0.00019690215835716646	2147.27572	0.00012949396555439474	2136.77	6.507598579048299	2136.77	8.915131658032676
2147.30585	0.00021662086998083807	2147.30585	0.00014362964506876852	2136.79	6.687272306073564	2136.79	9.178694901942224
2147.33598	0.00023133958160450468	2147.33598	0.00014276532458314117	2136.81	6.869782415296123	2136.81	9.447413135075335
2147.36612	0.00023105819986993237	2147.36612	0.00013190071723374885	2136.83	7.054225187688569	2136.83	9.719473749497489
2147.39625	0.00021577691149360367	2147.39625	0.00011103639674814314	2136.85	7.240285271278724	2136.85	9.993893731481917
2147.42638	0.00019549562311727692	2147.42638	8.517207626250467e-5	2136.87	7.428713787528461	2136.87	10.271380998476394
2147.45652	0.00017021424138269348	2147.45652	7.430746891311235e-5	2136.89	7.6215959250553995	2136.89	10.554855678273544
2147.48665	0.00015493295300636478	2147.48665	6.844314842749388e-5	2136.91	7.822285869178347	2136.91	10.849405019036599
NaN	NaN	NaN	NaN	2136.93	8.034953121648007	2136.93	11.161570527624843
NaN	NaN	NaN	NaN	2136.95	8.26380301699762	2136.95	11.498075460813137
NaN	NaN	NaN	NaN	2136.97	8.512173821897989	2136.97	11.864334838926013
NaN	NaN	NaN	NaN	2136.99	8.781805700473349	2136.99	12.263237808199447
NaN	NaN	NaN	NaN	2137.01	9.072555735365702	2137.01	12.694649608154343
NaN	NaN	NaN	NaN	2137.03	9.38267862995689	2137.03	13.155824023672592
NaN	NaN	NaN	NaN	2137.05	9.70955823194195	2137.05	13.642539567823357
NaN	NaN	NaN	NaN	2137.07	10.05056908279984	2137.07	14.150449409935364
NaN	NaN	NaN	NaN	2137.09	10.40367916421173	2137.09	14.676036692520746
NaN	NaN	NaN	NaN	2137.11	10.767524841305915	2137.11	15.216764010172739
NaN	NaN	NaN	NaN	2137.13	11.140953672062505	2137.13	15.770421144304313
NaN	NaN	NaN	NaN	2137.15	11.522316609221194	2137.15	16.33411001691828
NaN	NaN	NaN	NaN	2137.17	11.908950327351562	2137.17	16.903533853922532
NaN	NaN	NaN	NaN	2137.19	12.297228080341796	2137.19	17.473143810578463
NaN	NaN	NaN	NaN	2137.21	12.68329042752311	2137.21	18.037280658845358
NaN	NaN	NaN	NaN	2137.23	13.064226008269312	2137.23	18.5919393799235
NaN	NaN	NaN	NaN	2137.25	13.439236169587119	2137.25	19.136449585694034
NaN	NaN	NaN	NaN	2137.27	13.810311833589248	2137.27	19.6743825851733
NaN	NaN	NaN	NaN	2137.29	14.182176113794032	2137.29	20.213350346439743
NaN	NaN	NaN	NaN	2137.31	14.56157711353362	2137.31	20.763856013432783
NaN	NaN	NaN	NaN	2137.33	14.956278772631551	2137.33	21.337732981689133
NaN	NaN	NaN	NaN	2137.35	15.374168458225157	2137.35	21.94679504086225
NaN	NaN	NaN	NaN	2137.37	15.822759248812	2137.37	22.602099015682263
NaN	NaN	NaN	NaN	2137.39	16.309095570833332	2137.39	23.31382321636829
NaN	NaN	NaN	NaN	2137.41	16.839810879024043	2137.41	24.09138950458222
NaN	NaN	NaN	NaN	2137.43	17.420969626292806	2137.43	24.94329109605547
NaN	NaN	NaN	NaN	2137.45	18.057430683136147	2137.45	25.876238333157733
NaN	NaN	NaN	NaN	2137.47	18.75177616619519	2137.47	26.89367230241533
NaN	NaN	NaN	NaN	2137.49	19.503227801531487	2137.49	27.994238836686897
NaN	NaN	NaN	NaN	2137.51	20.3072203857088	2137.51	29.171177579642627
NaN	NaN	NaN	NaN	2137.53	21.15624336388483	2137.53	30.413509845738055
NaN	NaN	NaN	NaN	2137.55	22.04216178007547	2137.55	31.70934766455688
NaN	NaN	NaN	NaN	2137.57	22.959640505864666	2137.57	33.05080757428089
NaN	NaN	NaN	NaN	2137.59	23.909795231807312	2137.59	34.439287585587635
NaN	NaN	NaN	NaN	2137.61	24.903019998699207	2137.61	35.889602100211974
NaN	NaN	NaN	NaN	2137.63	25.960158282490827	2137.63	37.43176671598004
NaN	NaN	NaN	NaN	2137.65	27.11165516802472	2137.65	39.10989072931846
NaN	NaN	NaN	NaN	2137.67	28.394817433515804	2137.67	40.97833413554474
NaN	NaN	NaN	NaN	2137.69	29.849640935025597	2137.69	43.095763495881435
NaN	NaN	NaN	NaN	2137.71	31.513817329305535	2137.71	45.51796125531594
NaN	NaN	NaN	NaN	2137.73	33.41760451283989	2137.73	48.29034981400606
NaN	NaN	NaN	NaN	2137.75	35.579339173443415	2137.75	51.441336177080814
NaN	NaN	NaN	NaN	2137.77	38.002471176529355	2137.77	54.97774997401909
NaN	NaN	NaN	NaN	2137.79	40.67494918482947	2137.79	58.88360825934463
NaN	NaN	NaN	NaN	2137.81	43.571377894911166	2137.81	63.12288662256379
NaN	NaN	NaN	NaN	2137.83	46.65752610949603	2137.83	67.64578339342475
NaN	NaN	NaN	NaN	2137.85	49.89571277873287	2137.85	72.39643346859889
NaN	NaN	NaN	NaN	2137.87	53.24885759606005	2137.87	77.31891032745081
NaN	NaN	NaN	NaN	2137.89	56.681146935608155	2137.89	82.35852233082264
NaN	NaN	NaN	NaN	2137.91	60.15459640903543	2137.91	87.45727189259192
NaN	NaN	NaN	NaN	2137.93	63.62288430525643	2137.93	92.54534926350446
NaN	NaN	NaN	NaN	2137.95	67.02564739191952	2137.95	97.53318416257653
NaN	NaN	NaN	NaN	2137.97	70.28681059015777	2137.97	102.30918135757648
NaN	NaN	NaN	NaN	2137.99	73.31893711117884	2137.99	106.74602534832273
NaN	NaN	NaN	NaN	2138.01	76.03264172992655	2138.01	110.71420622135186
NaN	NaN	NaN	NaN	2138.03	78.34736327382298	2138.03	114.0974423583613
NaN	NaN	NaN	NaN	2138.05	80.19888921860806	2138.05	116.80335541339969
NaN	NaN	NaN	NaN	2138.07	81.54066777914592	2138.07	118.76512682563809
NaN	NaN	NaN	NaN	2138.09	82.33936374106253	2138.09	119.93483078174324
NaN	NaN	NaN	NaN	2138.11	82.56843867688882	2138.11	120.2739710713386
NaN	NaN	NaN	NaN	2138.13	82.20484066661282	2138.13	119.7486429164402
NaN	NaN	NaN	NaN	2138.15	81.23232278962178	2138.15	118.33444949344413
NaN	NaN	NaN	NaN	2138.17	79.65121484865779	2138.17	116.03090325929807
NaN	NaN	NaN	NaN	2138.19	77.4905985132343	2138.19	112.87937818614206
NaN	NaN	NaN	NaN	2138.21	74.81687385267077	2138.21	108.9758060490654
NaN	NaN	NaN	NaN	2138.23	71.73373856641682	2138.23	104.4708142092891
NaN	NaN	NaN	NaN	2138.25	68.37211595353492	2138.25	99.55513717556077
NaN	NaN	NaN	NaN	2138.27	64.87275716623954	2138.27	94.43426307400134
NaN	NaN	NaN	NaN	2138.29	61.36703169726539	2138.29	89.30036537203283
NaN	NaN	NaN	NaN	2138.31	57.96159963388354	2138.31	84.30985028842322
NaN	NaN	NaN	NaN	2138.33	54.73046898643607	2138.33	79.57166320089904
NaN	NaN	NaN	NaN	2138.35	51.71477302434748	2138.35	75.1468703998585
NaN	NaN	NaN	NaN	2138.37	48.9280817160646	2138.37	71.05633987205081
NaN	NaN	NaN	NaN	2138.39	46.36413091672892	2138.39	67.29196885572274
NaN	NaN	NaN	NaN	2138.41	44.004417351653	2138.41	63.82771589760148
NaN	NaN	NaN	NaN	2138.43	41.82435934490956	2138.43	60.62851994703047
NaN	NaN	NaN	NaN	2138.45	39.797806911408905	2138.45	57.656782238769914
NaN	NaN	NaN	NaN	2138.47	37.90019524570726	2138.47	54.876853331183206
NaN	NaN	NaN	NaN	2138.49	36.110673667300055	2138.49	52.2580452587654
NaN	NaN	NaN	NaN	2138.51	34.413421585937066	2138.51	49.77652347952966
NaN	NaN	NaN	NaN	2138.53	32.798288702254034	2138.53	47.41631524786658
NaN	NaN	NaN	NaN	2138.55	31.260864053136434	2138.55	45.16959389739888
NaN	NaN	NaN	NaN	2138.57	29.802002713254364	2138.57	43.0362488618552
NaN	NaN	NaN	NaN	2138.59	28.426724803118294	2138.59	41.02255295788008
NaN	NaN	NaN	NaN	2138.61	27.142374669253353	2138.61	39.13868951406959
NaN	NaN	NaN	NaN	2138.63	25.95610835223222	2138.63	37.395181244753374
NaN	NaN	NaN	NaN	2138.65	24.87212886971291	2138.65	35.79881002454796
NaN	NaN	NaN	NaN	2138.67	23.889399227422217	2138.67	34.34910747139141
NaN	NaN	NaN	NaN	2138.69	23.000583053222627	2138.69	33.03655374194557
NaN	NaN	NaN	NaN	2138.71	22.192595977689788	2138.71	31.843100639579806
NaN	NaN	NaN	NaN	2138.73	21.448544440333702	2138.73	30.744751939221093
NaN	NaN	NaN	NaN	2138.75	20.750293511355924	2138.75	29.71514658870223
NaN	NaN	NaN	NaN	2138.77	20.080725789217574	2138.77	28.72881465463361
NaN	NaN	NaN	NaN	2138.79	19.425017458674258	2138.79	27.76313770281871
NaN	NaN	NaN	NaN	2138.81	18.77081440326678	2138.81	26.79882442193366
NaN	NaN	NaN	NaN	2138.83	18.10774769100666	2138.83	25.819487606448426
NaN	NaN	NaN	NaN	2138.85	17.427011055995475	2138.85	24.81129589657494
NaN	NaN	NaN	NaN	2138.87	16.721613645766393	2138.87	23.76351305963615
NaN	NaN	NaN	NaN	2138.89	15.987494060278076	2138.89	22.670144454486596
NaN	NaN	NaN	NaN	2138.91	15.225151182188597	2138.91	21.53218987524671
NaN	NaN	NaN	NaN	2138.93	14.441058929562205	2138.93	20.359491805645778
NaN	NaN	NaN	NaN	2138.95	13.648055577090917	2138.95	19.171091539134206
NaN	NaN	NaN	NaN	2138.97	12.864168301091556	2138.97	17.99339661934602
NaN	NaN	NaN	NaN	2138.99	12.109851725628328	2138.99	16.8561777324118
NaN	NaN	NaN	NaN	2139.01	11.404201456410801	2139.01	15.787199603932986
NaN	NaN	NaN	NaN	2139.03	10.761143661406074	2139.03	14.80687404248962
NaN	NaN	NaN	NaN	2139.05	10.18673114130668	2139.05	13.924482570090587
NaN	NaN	NaN	NaN	2139.07	9.678416307376098	2139.07	13.137148372583857
NaN	NaN	NaN	NaN	2139.09	9.226573620444539	2139.09	12.431913081064915
NaN	NaN	NaN	NaN	2139.11	8.817799033241348	2139.11	11.790252763792147
NaN	NaN	NaN	NaN	2139.13	8.438901509838896	2139.13	11.193533586408938
NaN	NaN	NaN	NaN	2139.15	8.08027907584002	2139.15	10.627616432077886
NaN	NaN	NaN	NaN	2139.17	7.737646643895376	2139.17	10.085218545301975
NaN	NaN	NaN	NaN	2139.19	7.411744414741195	2139.19	9.565568946742742
NaN	NaN	NaN	NaN	2139.21	7.106417517134951	2139.21	9.071945138439068
NaN	NaN	NaN	NaN	2139.23	6.825996133101196	2139.23	8.608394829602911
NaN	NaN	NaN	NaN	2139.25	6.573017920061963	2139.25	8.17705000918386
NaN	NaN	NaN	NaN	2139.27	6.347027591760238	2139.27	7.77695772263831
NaN	NaN	NaN	NaN	2139.29	6.144652980080295	2139.29	7.404571768332243
NaN	NaN	NaN	NaN	2139.31	5.960654330429962	2139.31	7.055354658516938
NaN	NaN	NaN	NaN	2139.33	5.789373228594506	2139.33	6.725610197616073
NaN	NaN	NaN	NaN	2139.35	5.626024432446928	2139.35	6.413767361936386
NaN	NaN	NaN	NaN	2139.37	5.467491477372239	2139.37	6.120723061080372
NaN	NaN	NaN	NaN	2139.39	5.312550164700588	2139.39	5.849286985199654
NaN	NaN	NaN	NaN	2139.41	5.161624090950583	2139.41	5.603060507798196
NaN	NaN	NaN	NaN	2139.43	5.016232999687028	2139.43	5.385156971951914
NaN	NaN	NaN	NaN	2139.45	4.878275084413051	2139.45	5.197092678927055
NaN	NaN	NaN	NaN	2139.47	4.749266650652579	2139.47	5.03805834972565
NaN	NaN	NaN	NaN	2139.49	4.629687169317902	2139.49	4.9046944634124605
NaN	NaN	NaN	NaN	2139.51	4.51861536285969	2139.51	4.791436368097187
NaN	NaN	NaN	NaN	2139.53	4.413821060467653	2139.53	4.691411621275598
NaN	NaN	NaN	NaN	2139.55	4.312350554933873	2139.55	4.597727519069354
NaN	NaN	NaN	NaN	2139.57	4.211439696675707	2139.57	4.5048181605659
NaN	NaN	NaN	NaN	2139.59	4.109412301997768	2139.59	4.4094265850467425
NaN	NaN	NaN	NaN	2139.61	4.006185819416195	2139.61	4.310870982375736
NaN	NaN	NaN	NaN	2139.63	3.90315700727427	2139.63	4.2104943908021655
NaN	NaN	NaN	NaN	2139.65	3.8025153540690506	2139.65	4.110526022158919
NaN	NaN	NaN	NaN	2139.67	3.70629250262509	2139.67	4.012830360982867
NaN	NaN	NaN	NaN	2139.69	3.615568452245172	2139.69	3.918059490139852
NaN	NaN	NaN	NaN	2139.71	3.530168229324346	2139.71	3.8255326923620028
NaN	NaN	NaN	NaN	2139.73	3.4489502340849194	2139.73	3.733840494672265
NaN	NaN	NaN	NaN	2139.75	3.3705304369574276	2139.75	3.6418646086905073
NaN	NaN	NaN	NaN	2139.77	3.294121877764327	2139.77	3.549754241253174
NaN	NaN	NaN	NaN	2139.79	3.2201531044176535	2139.79	3.4594512209687402
NaN	NaN	NaN	NaN	2139.81	3.1504447034829925	2139.81	3.3745643604737907
NaN	NaN	NaN	NaN	2139.83	3.0879032367147	2139.83	3.2996531271015273
NaN	NaN	NaN	NaN	2139.85	3.035860491325667	2139.85	3.239185984620179
NaN	NaN	NaN	NaN	2139.87	2.9972876009559037	2139.87	3.1965241682573846
NaN	NaN	NaN	NaN	2139.89	2.974125891942197	2139.89	3.173236257527898
NaN	NaN	NaN	NaN	2139.91	2.9669081479588315	2139.91	3.1689068214000926
NaN	NaN	NaN	NaN	2139.93	2.9747276668866087	2139.93	3.1814226390122147
NaN	NaN	NaN	NaN	2139.95	2.9954928551074422	2139.95	3.2075661166184037
NaN	NaN	NaN	NaN	2139.97	3.0263255943024348	2139.97	3.2436682824091627
NaN	NaN	NaN	NaN	2139.99	3.063948899219068	2139.99	3.28609670424665
NaN	NaN	NaN	NaN	2140.01	3.1049624117273726	2140.01	3.331463973428812
NaN	NaN	NaN	NaN	2140.03	3.1459939058811512	2140.03	3.3765918568003457
NaN	NaN	NaN	NaN	2140.05	3.1837959519661	2140.05	3.4183870307787094
NaN	NaN	NaN	NaN	2140.07	3.2153877109082476	2140.07	3.4538171679567653
NaN	NaN	NaN	NaN	2140.09	3.2383043682548083	2140.09	3.4801003205168404
NaN	NaN	NaN	NaN	2140.11	3.2509270756823305	2140.11	3.4950701881331527
NaN	NaN	NaN	NaN	2140.13	3.2527709967088985	2140.13	3.497533872061705
NaN	NaN	NaN	NaN	2140.15	3.2445654472892937	2140.15	3.4873837634601768
NaN	NaN	NaN	NaN	2140.17	3.228006671999796	2140.17	3.465307803296693
NaN	NaN	NaN	NaN	2140.19	3.2051944711689195	2140.19	3.432136334620579
NaN	NaN	NaN	NaN	2140.21	3.177922537324694	2140.21	3.3880753111620314
NaN	NaN	NaN	NaN	2140.23	3.1470959048466787	2140.23	3.3321883965548746
NaN	NaN	NaN	NaN	2140.25	3.1125315477546556	2140.25	3.262429386235117
NaN	NaN	NaN	NaN	2140.27	3.07325251919259	2140.27	3.176303947242073
NaN	NaN	NaN	NaN	2140.29	3.028174636650936	2140.29	3.0719559852003995
NaN	NaN	NaN	NaN	2140.31	2.976910357565933	2140.31	2.9492667308527896
NaN	NaN	NaN	NaN	2140.33	2.920364277355274	2140.33	2.81052633824879
NaN	NaN	NaN	NaN	2140.35	2.860891352583349	2140.35	2.6604015777402363
NaN	NaN	NaN	NaN	2140.37	2.801979685498109	2140.37	2.5051988114454247
NaN	NaN	NaN	NaN	2140.39	2.7476087114494474	2140.39	2.3516811589748357
NaN	NaN	NaN	NaN	2140.41	2.7015364969777056	2140.41	2.2058343718639932
NaN	NaN	NaN	NaN	2140.43	2.666755509883124	2140.43	2.0719477090402436
NaN	NaN	NaN	NaN	2140.45	2.645253736222644	2140.45	1.9522205059951498
NaN	NaN	NaN	NaN	2140.47	2.6380901664926384	2140.47	1.846904530073885
NaN	NaN	NaN	NaN	2140.49	2.6456984164330537	2140.49	1.7548296289221352
NaN	NaN	NaN	NaN	2140.51	2.6682956769300543	2140.51	1.6740843154561689
NaN	NaN	NaN	NaN	2140.53	2.706286385153588	2140.53	1.602637196680662
NaN	NaN	NaN	NaN	2140.55	2.7605803334996937	2140.55	1.5387591391848785
NaN	NaN	NaN	NaN	2140.57	2.832764729868026	2140.57	1.4811980909076838
NaN	NaN	NaN	NaN	2140.59	2.925070168260531	2140.59	1.429135793604086
NaN	NaN	NaN	NaN	2140.61	3.040067516009994	2140.61	1.382003473114749
NaN	NaN	NaN	NaN	2140.63	3.180056777824447	2140.63	1.339252206285898
NaN	NaN	NaN	NaN	2140.65	3.3461832792137183	2140.65	1.3001690290305559
NaN	NaN	NaN	NaN	2140.67	3.5374346485121864	2140.67	1.263806581467928
NaN	NaN	NaN	NaN	2140.69	3.749789174350224	2140.69	1.2290550229673103
NaN	NaN	NaN	NaN	2140.71	3.9758338999541905	2140.71	1.1948358758324402
NaN	NaN	NaN	NaN	2140.73	4.205094637836772	2140.73	1.1603509499905031
NaN	NaN	NaN	NaN	2140.75	4.425119235943688	2140.75	1.1252928497296408
NaN	NaN	NaN	NaN	2140.77	4.6230996058046765	2140.77	1.0899306750557773
NaN	NaN	NaN	NaN	2140.79	4.787621872320322	2140.79	1.0550268341004547
NaN	NaN	NaN	NaN	2140.81	4.910096854694855	2140.81	1.021603642409495
NaN	NaN	NaN	NaN	2140.83	4.985567776120317	2140.83	0.9906358127317347
NaN	NaN	NaN	NaN	2140.85	5.012843987704016	2140.85	0.9627721225741941
NaN	NaN	NaN	NaN	2140.87	4.994135194614411	2140.87	0.938174855658293
NaN	NaN	NaN	NaN	2140.89	4.934446805474955	2140.89	0.9165166590647154
NaN	NaN	NaN	NaN	2140.91	4.840919627376876	2140.91	0.8971142035110025
NaN	NaN	NaN	NaN	2140.93	4.722135306015282	2140.93	0.8791331733942369
NaN	NaN	NaN	NaN	2140.95	4.587292003530602	2140.95	0.8617870342195091
NaN	NaN	NaN	NaN	2140.97	4.445176756588656	2140.97	0.8444731781273638
NaN	NaN	NaN	NaN	2140.99	4.303017595561072	2140.99	0.8268293275627806
NaN	NaN	NaN	NaN	2141.01	4.165488172753857	2141.01	0.8087289487201252
NaN	NaN	NaN	NaN	2141.03	4.034224283938275	2141.03	0.7902505903525042
NaN	NaN	NaN	NaN	2141.05	3.908110433110415	2141.05	0.7716493040040368
NaN	NaN	NaN	NaN	2141.07	3.784327579618114	2141.07	0.7533383976717483
NaN	NaN	NaN	NaN	2141.09	3.659842405524779	2141.09	0.7358719346168918
NaN	NaN	NaN	NaN	2141.11	3.5328206346688162	2141.11	0.7199132137402672
NaN	NaN	NaN	NaN	2141.13	3.403468155186605	2141.13	0.7061820197327264
NaN	NaN	NaN	NaN	2141.15	3.2740412566911865	2141.15	0.6953851207337295
NaN	NaN	NaN	NaN	2141.17	3.14811089510046	2141.17	0.688140853336378
NaN	NaN	NaN	NaN	2141.19	3.0294557728607643	2141.19	0.6849067672157789
NaN	NaN	NaN	NaN	2141.21	2.9210676540251317	2141.21	0.6859142764070747
NaN	NaN	NaN	NaN	2141.23	2.8246450297160104	2141.23	0.6911138512922013
NaN	NaN	NaN	NaN	2141.25	2.7406954343047625	2141.25	0.7001416836359267
NaN	NaN	NaN	NaN	2141.27	2.6690902200450264	2141.27	0.7123292693563636
NaN	NaN	NaN	NaN	2141.29	2.6097410814941076	2141.29	0.7267813337068373
NaN	NaN	NaN	NaN	2141.31	2.5630583683365495	2141.31	0.7425369538566347
NaN	NaN	NaN	NaN	2141.33	2.5299917400565453	2141.33	0.7588027040404223
NaN	NaN	NaN	NaN	2141.35	2.5116673219133476	2141.35	0.7752127987120346
NaN	NaN	NaN	NaN	2141.37	2.50882437011933	2141.37	0.7920432450687884
NaN	NaN	NaN	NaN	2141.39	2.521341563414889	2141.39	0.81029973210217
NaN	NaN	NaN	NaN	2141.41	2.5480999520805327	2141.41	0.8316218819825196
NaN	NaN	NaN	NaN	2141.43	2.587281830458702	2141.43	0.8579974221086485
NaN	NaN	NaN	NaN	2141.45	2.637016377811457	2141.45	0.8913420393301074
NaN	NaN	NaN	NaN	2141.47	2.696128642241473	2141.47	0.9330475360328415
NaN	NaN	NaN	NaN	2141.49	2.764686128232027	2141.49	0.983609218168913
NaN	NaN	NaN	NaN	2141.51	2.8440899695628676	2141.51	1.0424086695873664
NaN	NaN	NaN	NaN	2141.53	2.9366096328140827	2141.53	1.1076702234700897
NaN	NaN	NaN	NaN	2141.55	3.044463122484974	2141.55	1.1765623140057497
NaN	NaN	NaN	NaN	2141.57	3.168730920477334	2141.57	1.2454033777811353
NaN	NaN	NaN	NaN	2141.59	3.3084917239676335	2141.59	1.3099534675060929
NaN	NaN	NaN	NaN	2141.61	3.460533262472137	2141.61	1.365797984368207
NaN	NaN	NaN	NaN	2141.63	3.619819525018997	2141.63	1.408825082375699
NaN	NaN	NaN	NaN	2141.65	3.780641373572329	2141.65	1.435752814468261
NaN	NaN	NaN	NaN	2141.67	3.938137633940207	2141.67	1.444600844301084
NaN	NaN	NaN	NaN	2141.69	4.089744606508763	2141.69	1.4349701549813965
NaN	NaN	NaN	NaN	2141.71	4.236160099359452	2141.71	1.408026872073432
NaN	NaN	NaN	NaN	2141.73	4.381567159912491	2141.73	1.3661794279450306
NaN	NaN	NaN	NaN	2141.75	4.53307421820139	2141.75	1.3125490193649714
NaN	NaN	NaN	NaN	2141.77	4.699513421526592	2141.77	1.2504049443199334
NaN	NaN	NaN	NaN	2141.79	4.889862089068132	2141.79	1.1827326764322708
NaN	NaN	NaN	NaN	2141.81	5.1116248067760095	2141.81	1.1120282094425837
NaN	NaN	NaN	NaN	2141.83	5.369557065385544	2141.83	1.040307985679078
NaN	NaN	NaN	NaN	2141.85	5.665115275222212	2141.85	0.9692411725738648
NaN	NaN	NaN	NaN	2141.87	5.996935605527612	2141.87	0.9002846825632389
NaN	NaN	NaN	NaN	2141.89	6.362434368172025	2141.89	0.8347338838276174
NaN	NaN	NaN	NaN	2141.91	6.760307948347425	2141.91	0.7736683264906437
NaN	NaN	NaN	NaN	2141.93	7.193396336768837	2141.93	0.7178358745058809
NaN	NaN	NaN	NaN	2141.95	7.6712035924608255	2141.95	0.6675517678491435
NaN	NaN	NaN	NaN	2141.97	8.211430555336285	2141.97	0.6226813948413079
NaN	NaN	NaN	NaN	2141.99	8.84013916295845	2141.99	0.5827361761809858
NaN	NaN	NaN	NaN	2142.01	9.590495683108434	2142.01	0.5470617475869012
NaN	NaN	NaN	NaN	2142.03	10.50027775724914	2142.03	0.5150584081952272
NaN	NaN	NaN	NaN	2142.05	11.608409891941033	2142.05	0.4863599562167203
NaN	NaN	NaN	NaN	2142.07	12.950766906280792	2142.07	0.46091162138322256
NaN	NaN	NaN	NaN	2142.09	14.555467337340477	2142.09	0.43892337495519934
NaN	NaN	NaN	NaN	2142.11	16.437941128934572	2142.11	0.4207174848118473
NaN	NaN	NaN	NaN	2142.13	18.59617849008242	2142.13	0.40652361847901347
NaN	NaN	NaN	NaN	2142.15	21.006673086955004	2142.15	0.39628979066480485
NaN	NaN	NaN	NaN	2142.17	23.621606618431823	2142.17	0.389569157883987
NaN	NaN	NaN	NaN	2142.19	26.367790002316692	2142.19	0.38551567254001834
NaN	NaN	NaN	NaN	2142.21	29.147823199359227	2142.21	0.38298681405262874
NaN	NaN	NaN	NaN	2142.23	31.843886969780318	2142.23	0.38072154139253916
NaN	NaN	NaN	NaN	2142.25	34.32451014960566	2142.25	0.3775452406712663
NaN	NaN	NaN	NaN	2142.27	36.45449226860752	2142.27	0.37255311331148894
NaN	NaN	NaN	NaN	2142.29	38.107801428759856	2142.29	0.3652353791502314
NaN	NaN	NaN	NaN	2142.31	39.18261340042272	2142.31	0.3555253208453173
NaN	NaN	NaN	NaN	2142.33	39.61669768690746	2142.33	0.3437689721304793
NaN	NaN	NaN	NaN	2142.35	39.400292006338375	2142.35	0.3306300965820148
NaN	NaN	NaN	NaN	2142.37	38.582925849751206	2142.37	0.31695468802700677
NaN	NaN	NaN	NaN	2142.39	37.27099150383771	2142.39	0.30362442937125894
NaN	NaN	NaN	NaN	2142.41	35.61462343776867	2142.41	0.29142719082128704
NaN	NaN	NaN	NaN	2142.43	33.78540212005276	2142.43	0.280964737355287
NaN	NaN	NaN	NaN	2142.45	31.949562692740457	2142.45	0.2726057676584068
NaN	NaN	NaN	NaN	2142.47	30.24339506890892	2142.47	0.2664805696829211
NaN	NaN	NaN	NaN	2142.49	28.757311849053835	2142.49	0.26250601468546514
NaN	NaN	NaN	NaN	2142.51	27.532492696298966	2142.51	0.2604278753155999
NaN	NaN	NaN	NaN	2142.53	26.570008409081467	2142.53	0.2598701347883231
NaN	NaN	NaN	NaN	2142.55	25.848459136319978	2142.55	0.2603851835256543
NaN	NaN	NaN	NaN	2142.57	25.343929478106904	2142.57	0.2615022395823584
NaN	NaN	NaN	NaN	2142.59	25.046223888286278	2142.59	0.2627730764424631
NaN	NaN	NaN	NaN	2142.61	24.967609085529197	2142.61	0.26381429343424684
NaN	NaN	NaN	NaN	2142.63	25.143514383605982	2142.63	0.26434428458069625
NaN	NaN	NaN	NaN	2142.65	25.627412041670965	2142.65	0.26421131237617157
NaN	NaN	NaN	NaN	2142.67	26.483407387313466	2142.67	0.2634078201537877
NaN	NaN	NaN	NaN	2142.69	27.779726854070788	2142.69	0.2620668993043195
NaN	NaN	NaN	NaN	2142.71	29.584886218189602	2142.71	0.26044053962005403
NaN	NaN	NaN	NaN	2142.73	31.966737734136068	2142.73	0.2588648568219794
NaN	NaN	NaN	NaN	2142.75	34.99346244282289	2142.75	0.25772195923939833
NaN	NaN	NaN	NaN	2142.77	38.73498971112037	2142.77	0.2574084664229384
NaN	NaN	NaN	NaN	2142.79	43.263018669829435	2142.79	0.25831612349508115
NaN	NaN	NaN	NaN	2142.81	48.64756619923591	2142.81	0.2608227332722771
NaN	NaN	NaN	NaN	2142.83	54.94791798169765	2142.83	0.26528572236311077
NaN	NaN	NaN	NaN	2142.85	62.19646697462864	2142.85	0.27202922430397775
NaN	NaN	NaN	NaN	2142.87	70.3755753935418	2142.87	0.2813192242748791
NaN	NaN	NaN	NaN	2142.89	79.39020969889688	2142.89	0.2933282807748135
NaN	NaN	NaN	NaN	2142.91	89.04198400153628	2142.91	0.30809881249326787
NaN	NaN	NaN	NaN	2142.93	99.01232273464002	2142.93	0.32551931456475336
NaN	NaN	NaN	NaN	2142.95	108.86266115675996	2142.95	0.34532906497575605
NaN	NaN	NaN	NaN	2142.97	118.05732951117784	2142.97	0.36716220089348695
NaN	NaN	NaN	NaN	2142.99	126.01013803034942	2142.99	0.3906306017225702
NaN	NaN	NaN	NaN	2143.01	132.14967379600745	2143.01	0.4154280560007425
NaN	NaN	NaN	NaN	2143.03	135.9926361193831	2143.03	0.4414204413991109
NaN	NaN	NaN	NaN	2143.05	137.2111194944255	2143.05	0.46867624326409113
NaN	NaN	NaN	NaN	2143.07	135.68002425262222	2143.07	0.4973976525622756
NaN	NaN	NaN	NaN	2143.09	131.49490391263538	2143.09	0.527739749463761
NaN	NaN	NaN	NaN	2143.11	124.95725033874977	2143.11	0.5595498926665846
NaN	NaN	NaN	NaN	2143.13	116.53126856843664	2143.13	0.5921062041410748
NaN	NaN	NaN	NaN	2143.15	106.78152449352643	2143.15	0.6239603957390542
NaN	NaN	NaN	NaN	2143.17	96.30336881426517	2143.17	0.6529764152303588
NaN	NaN	NaN	NaN	2143.19	85.6578074954972	2143.19	0.6765982156397934
NaN	NaN	NaN	NaN	2143.21	75.32022214015757	2143.21	0.6922957516119095
NaN	NaN	NaN	NaN	2143.23	65.64881954323612	2143.23	0.6980641739749951
NaN	NaN	NaN	NaN	2143.25	56.87451948471944	2143.25	0.6928236697770026
NaN	NaN	NaN	NaN	2143.27	49.10981028909342	2143.27	0.6766026230320931
NaN	NaN	NaN	NaN	2143.29	42.37077303957539	2143.29	0.6504693167403145
NaN	NaN	NaN	NaN	2143.31	36.60490639024367	2143.31	0.6162673548012372
NaN	NaN	NaN	NaN	2143.33	31.718026664553943	2143.33	0.5762652462176511
NaN	NaN	NaN	NaN	2143.35	27.595960080651647	2143.35	0.5328304624681143
NaN	NaN	NaN	NaN	2143.37	24.11980509782192	2143.37	0.4881932539412721
NaN	NaN	NaN	NaN	2143.39	21.175881259434252	2143.39	0.4443076285953698
NaN	NaN	NaN	NaN	2143.41	18.662309694067215	2143.41	0.40277827926467175
NaN	NaN	NaN	NaN	2143.43	16.49360663862041	2143.43	0.36481679843123926
NaN	NaN	NaN	NaN	2143.45	14.603525626246107	2143.45	0.33120986273864456
NaN	NaN	NaN	NaN	2143.47	12.94558743391635	2143.47	0.3023058058311391
NaN	NaN	NaN	NaN	2143.49	11.49079840170419	2143.49	0.2780369330618674
NaN	NaN	NaN	NaN	2143.51	10.222856450624919	2143.51	0.2579885456834007
NaN	NaN	NaN	NaN	2143.53	9.132108339136053	2143.53	0.2415092822907679
NaN	NaN	NaN	NaN	2143.55	8.210023762112769	2143.55	0.2278424628697527
NaN	NaN	NaN	NaN	2143.57	7.445672513467857	2143.57	0.21625221833130173
NaN	NaN	NaN	NaN	2143.59	6.824770038695841	2143.59	0.20612200043598436
NaN	NaN	NaN	NaN	2143.61	6.330781361340711	2143.61	0.1970124560611766
NaN	NaN	NaN	NaN	2143.63	5.94688626837646	2143.63	0.18867573664895665
NaN	NaN	NaN	NaN	2143.65	5.657604854455751	2143.65	0.18103129923381636
NaN	NaN	NaN	NaN	2143.67	5.449462944278807	2143.67	0.17411369467273022
NaN	NaN	NaN	NaN	2143.69	5.310836608097295	2143.69	0.16800624974640135
NaN	NaN	NaN	NaN	2143.71	5.231604282410994	2143.71	0.1627760474630919
NaN	NaN	NaN	NaN	2143.73	5.203224888333839	2143.73	0.1584246262770739
NaN	NaN	NaN	NaN	2143.75	5.219446907197351	2143.75	0.15486481541834293
NaN	NaN	NaN	NaN	2143.77	5.277350923941273	2143.77	0.15192747011125804
NaN	NaN	NaN	NaN	2143.79	5.378144856559405	2143.79	0.14939413206203767
NaN	NaN	NaN	NaN	2143.81	5.527189070462794	2143.81	0.1470450739402301
NaN	NaN	NaN	NaN	2143.83	5.733036217829373	2143.83	0.14470878767999146
NaN	NaN	NaN	NaN	2143.85	6.00563146146808	2143.85	0.14229961644821346
NaN	NaN	NaN	NaN	2143.87	6.354069972823976	2143.87	0.13983430634148117
NaN	NaN	NaN	NaN	2143.89	6.784389229779043	2143.89	0.13742403117288537
NaN	NaN	NaN	NaN	2143.91	7.297803433498898	2143.91	0.13524395673242162
NaN	NaN	NaN	NaN	2143.93	7.8896138290428	2143.93	0.13348646855540383
NaN	NaN	NaN	NaN	2143.95	8.54880494451055	2143.95	0.1323068273759483
NaN	NaN	NaN	NaN	2143.97	9.258136301376593	2143.97	0.13177197784781305
NaN	NaN	NaN	NaN	2143.99	9.994459975671283	2143.99	0.13182472243436855
NaN	NaN	NaN	NaN	2144.01	10.729110151061708	2144.01	0.13227523989157908
NaN	NaN	NaN	NaN	2144.03	11.428490467548956	2144.03	0.13282777919589572
NaN	NaN	NaN	NaN	2144.05	12.055259558452837	2144.05	0.13314111870786405
NaN	NaN	NaN	NaN	2144.07	12.57055620767649	2144.07	0.1329089796784482
NaN	NaN	NaN	NaN	2144.09	12.937389530368598	2144.09	0.13193630710109353
NaN	NaN	NaN	NaN	2144.11	13.124758123734447	2144.11	0.13018531726263632
NaN	NaN	NaN	NaN	2144.13	13.111573019976953	2144.13	0.12777446304761084
NaN	NaN	NaN	NaN	2144.15	12.889365692465534	2144.15	0.12493113948177366
NaN	NaN	NaN	NaN	2144.17	12.463156724080953	2144.17	0.12191715587384239
NaN	NaN	NaN	NaN	2144.19	11.8505208792323	2144.19	0.11895600267423172
NaN	NaN	NaN	NaN	2144.21	11.079422346969421	2144.21	0.11618813173445872
NaN	NaN	NaN	NaN	2144.23	10.185530207696157	2144.23	0.11366686719930905
NaN	NaN	NaN	NaN	2144.25	9.20947332968816	2144.25	0.1113903167270449
NaN	NaN	NaN	NaN	2144.27	8.194122707082586	2144.27	0.10935173578046031
NaN	NaN	NaN	NaN	2144.29	7.181794576851479	2144.29	0.10758684981879164
NaN	NaN	NaN	NaN	2144.31	6.211360391355866	2144.31	0.10620137334028061
NaN	NaN	NaN	NaN	2144.33	5.315505871810973	2144.33	0.10537156102965588
NaN	NaN	NaN	NaN	2144.35	4.518571173712159	2144.35	0.10532054948561648
NaN	NaN	NaN	NaN	2144.37	3.8353741349088817	2144.37	0.10628044147972979
NaN	NaN	NaN	NaN	2144.39	3.271185069990171	2144.39	0.10845349590616325
NaN	NaN	NaN	NaN	2144.41	2.8227287288711214	2144.41	0.11198560624256457
NaN	NaN	NaN	NaN	2144.43	2.4798900861114617	2144.43	0.11696196802253724
NaN	NaN	NaN	NaN	2144.45	2.2277610260558958	2144.45	0.12342891808357852
NaN	NaN	NaN	NaN	2144.47	2.048745283701654	2144.47	0.13143814055034161
NaN	NaN	NaN	NaN	2144.49	1.9245475930009546	2144.49	0.14110127542607007
NaN	NaN	NaN	NaN	2144.51	1.8379368872036583	2144.51	0.1526366755694807
NaN	NaN	NaN	NaN	2144.53	1.7741781770394573	2144.53	0.16638802329979097
NaN	NaN	NaN	NaN	2144.55	1.7220104173978936	2144.55	0.182798305114518
NaN	NaN	NaN	NaN	2144.57	1.6740591126164825	2144.57	0.2023321395810464
NaN	NaN	NaN	NaN	2144.59	1.6266397885721335	2144.59	0.22535260752056582
NaN	NaN	NaN	NaN	2144.61	1.5790202310525514	2144.61	0.25197212026188237
NaN	NaN	NaN	NaN	2144.63	1.532325734847367	2144.63	0.28190685475275595
NaN	NaN	NaN	NaN	2144.65	1.4883479327006035	2144.65	0.3143682347420677
NaN	NaN	NaN	NaN	2144.67	1.4485254987403982	2144.67	0.3480217877016321
NaN	NaN	NaN	NaN	2144.69	1.4133009848435991	2144.69	0.38103392743468056
NaN	NaN	NaN	NaN	2144.71	1.381942785423104	2144.71	0.41121242478958525
NaN	NaN	NaN	NaN	2144.73	1.3527904808542468	2144.73	0.43622902104012407
NaN	NaN	NaN	NaN	2144.75	1.3237748471746924	2144.75	0.45389594598262095
NaN	NaN	NaN	NaN	2144.77	1.2930108469443171	2144.77	0.46245534098750746
NaN	NaN	NaN	NaN	2144.79	1.259273902591978	2144.79	0.4608344585345018
NaN	NaN	NaN	NaN	2144.81	1.2222351793221173	2144.81	0.4488214373540127
NaN	NaN	NaN	NaN	2144.83	1.1824226311886268	2144.83	0.42712653583818116
NaN	NaN	NaN	NaN	2144.85	1.1409597338137927	2144.85	0.39731112164561466
NaN	NaN	NaN	NaN	2144.87	1.0991900353337822	2144.87	0.3615897516462069
NaN	NaN	NaN	NaN	2144.89	1.0583131903068248	2144.89	0.3225359873199298
NaN	NaN	NaN	NaN	2144.91	1.0191385014178307	2144.91	0.28274448987869805
NaN	NaN	NaN	NaN	2144.93	0.9820135452700325	2144.93	0.24451329528908677
NaN	NaN	NaN	NaN	2144.95	0.9469216540515306	2144.95	0.20960546469860267
NaN	NaN	NaN	NaN	2144.97	0.9136817057145104	2144.97	0.17912828253528512
NaN	NaN	NaN	NaN	2144.99	0.8821485969493783	2144.99	0.1535372604380596
NaN	NaN	NaN	NaN	2145.01	0.8523192565832188	2145.01	0.13274209118645758
NaN	NaN	NaN	NaN	2145.03	0.824297401425284	2145.03	0.1162722570200268
NaN	NaN	NaN	NaN	2145.05	0.7981404536047737	2145.05	0.1034557816432292
NaN	NaN	NaN	NaN	2145.07	0.7736717367921534	2145.07	0.09357364251244372
NaN	NaN	NaN	NaN	2145.09	0.750362270661671	2145.09	0.08596841673613041
NaN	NaN	NaN	NaN	2145.11	0.7273606060009336	2145.11	0.08010210784291426
NaN	NaN	NaN	NaN	2145.13	0.7036903020478877	2145.13	0.07557030560487034
NaN	NaN	NaN	NaN	2145.15	0.678570150449562	2145.15	0.07208629808599955
NaN	NaN	NaN	NaN	2145.17	0.65176796494086	2145.17	0.06945006142768656
NaN	NaN	NaN	NaN	2145.19	0.623888726632219	2145.19	0.06751479942654336
NaN	NaN	NaN	NaN	2145.21	0.5965220374877415	2145.21	0.06615967565624371
NaN	NaN	NaN	NaN	2145.23	0.5722212134478453	2145.23	0.06527302543467482
NaN	NaN	NaN	NaN	2145.25	0.554339440547124	2145.25	0.06474650011907514
NaN	NaN	NaN	NaN	2145.27	0.546787415500815	2145.27	0.06447758612226451
NaN	NaN	NaN	NaN	2145.29	0.5537851715740233	2145.29	0.06437591127625637
NaN	NaN	NaN	NaN	2145.31	0.5796520534103174	2145.31	0.0643680954604966
NaN	NaN	NaN	NaN	2145.33	0.6286227483451038	2145.33	0.06439715031603467
NaN	NaN	NaN	NaN	2145.35	0.7046189264303703	2145.35	0.06441559367689571
NaN	NaN	NaN	NaN	2145.37	0.8108765760934032	2145.37	0.06437539363808607
NaN	NaN	NaN	NaN	2145.39	0.9493516692634378	2145.39	0.06422054584860536
NaN	NaN	NaN	NaN	2145.41	1.1199044885145608	2145.41	0.06388772196087845
NaN	NaN	NaN	NaN	2145.43	1.3193758779079585	2145.43	0.06331682440137458
NaN	NaN	NaN	NaN	2145.45	1.5407806948016052	2145.45	0.062468262741420075
NaN	NaN	NaN	NaN	2145.47	1.7729143801448317	2145.47	0.06134011505924755
NaN	NaN	NaN	NaN	2145.49	2.000663657128173	2145.49	0.0599780255716805
NaN	NaN	NaN	NaN	2145.51	2.2062112661314166	2145.51	0.058473668262191324
NaN	NaN	NaN	NaN	2145.53	2.3711275509898466	2145.53	0.056952023633168924
NaN	NaN	NaN	NaN	2145.55	2.4790799983702936	2145.55	0.05555129202961467
NaN	NaN	NaN	NaN	2145.57	2.5186355682163106	2145.57	0.05440071810058473
NaN	NaN	NaN	NaN	2145.59	2.4854790431149425	2145.59	0.05360111238000717
NaN	NaN	NaN	NaN	2145.61	2.383415435325536	2145.61	0.05321146131276742
NaN	NaN	NaN	NaN	2145.63	2.223797001022175	2145.63	0.05324357778857241
NaN	NaN	NaN	NaN	2145.65	2.0234491391685503	2145.65	0.05366540164380147
NaN	NaN	NaN	NaN	2145.67	1.8016117249353238	2145.67	0.054412002197443556
NaN	NaN	NaN	NaN	2145.69	1.5766898320808198	2145.69	0.05540150362765501
NaN	NaN	NaN	NaN	2145.71	1.3636119339222565	2145.71	0.056551672890941346
NaN	NaN	NaN	NaN	2145.73	1.1723355112585367	2145.73	0.05779279735027124
NaN	NaN	NaN	NaN	2145.75	1.0076398608141612	2145.75	0.05907431380825072
NaN	NaN	NaN	NaN	2145.77	0.8699678357801077	2145.77	0.060365854242310626
NaN	NaN	NaN	NaN	2145.79	0.7568508053387879	2145.79	0.06165626672955519
NaN	NaN	NaN	NaN	2145.81	0.6644187359430466	2145.81	0.06295492498909791
NaN	NaN	NaN	NaN	2145.83	0.5886210785600586	2145.83	0.06429756500679404
NaN	NaN	NaN	NaN	2145.85	0.5259796186359799	2145.85	0.06575512469018686
NaN	NaN	NaN	NaN	2145.87	0.4738779361121245	2145.87	0.06744108376993713
NaN	NaN	NaN	NaN	2145.89	0.43051172379907215	2145.89	0.06951288567519487
NaN	NaN	NaN	NaN	2145.91	0.39466695418775155	2145.91	0.07216665221501349
NaN	NaN	NaN	NaN	2145.93	0.36547409884344045	2145.93	0.07562962416967813
NaN	NaN	NaN	NaN	2145.95	0.34223332129361317	2145.95	0.08015799968001597
NaN	NaN	NaN	NaN	2145.97	0.32434345148197363	2145.97	0.08604576609684966
NaN	NaN	NaN	NaN	2145.99	0.31131490807889145	2145.99	0.09364166877651034
NaN	NaN	NaN	NaN	2146.01	0.30281403297182957	2146.01	0.1033591191651563
NaN	NaN	NaN	NaN	2146.03	0.29867785019698506	2146.03	0.11565356215867426
NaN	NaN	NaN	NaN	2146.05	0.29885347030995335	2146.05	0.1309412209118409
NaN	NaN	NaN	NaN	2146.07	0.30324991203590557	2146.07	0.14944806882334277
NaN	NaN	NaN	NaN	2146.09	0.31153183897129066	2146.09	0.17100819834514205
NaN	NaN	NaN	NaN	2146.11	0.32292058426141607	2146.11	0.19486738096748393
NaN	NaN	NaN	NaN	2146.13	0.3360832035078702	2146.13	0.21957359007468075
NaN	NaN	NaN	NaN	2146.15	0.3491753095111124	2146.15	0.24303338131595997
NaN	NaN	NaN	NaN	2146.17	0.36005881812795537	2146.17	0.2627722082396829
NaN	NaN	NaN	NaN	2146.19	0.3666553268850361	2146.19	0.27636665882384065
NaN	NaN	NaN	NaN	2146.21	0.3673429681191439	2146.21	0.28194395698357105
NaN	NaN	NaN	NaN	2146.23	0.361282165669308	2146.23	0.27860280820619937
NaN	NaN	NaN	NaN	2146.25	0.34857488356055455	2146.25	0.26662319959582437
NaN	NaN	NaN	NaN	2146.27	0.33021560356732044	2146.27	0.24739964128593814
NaN	NaN	NaN	NaN	2146.29	0.30785826060644467	2146.29	0.22312493219316715
NaN	NaN	NaN	NaN	2146.31	0.283475594454469	2146.31	0.1963298395093543
NaN	NaN	NaN	NaN	2146.33	0.25900820922516454	2146.33	0.1694166819426228
NaN	NaN	NaN	NaN	2146.35	0.23608755458730346	2146.35	0.14430422065029685
NaN	NaN	NaN	NaN	2146.37	0.21588080358466422	2146.37	0.12224481885158679
NaN	NaN	NaN	NaN	2146.39	0.1990627126750995	2146.39	0.10381207753179364
NaN	NaN	NaN	NaN	2146.41	0.18588456628248434	2146.41	0.0890130714144206
NaN	NaN	NaN	NaN	2146.43	0.17629165974582714	2146.43	0.07746369834778884
NaN	NaN	NaN	NaN	2146.45	0.1700403725228602	2146.45	0.0685732314081179
NaN	NaN	NaN	NaN	2146.47	0.166780559406992	2146.47	0.06170240254695258
NaN	NaN	NaN	NaN	2146.49	0.16609212236427673	2146.49	0.05627733092900848
NaN	NaN	NaN	NaN	2146.51	0.16748780382431283	2146.51	0.05185453757215772
NaN	NaN	NaN	NaN	2146.53	0.17040944609350164	2146.53	0.04814063554873396
NaN	NaN	NaN	NaN	2146.55	0.174247174543728	2146.55	0.04497618256620136
NaN	NaN	NaN	NaN	2146.57	0.1784000837193344	2146.57	0.0422974508446983
NaN	NaN	NaN	NaN	2146.59	0.18237789490015704	2146.59	0.04009154974403723
NaN	NaN	NaN	NaN	2146.61	0.18592349525862414	2146.61	0.03835824648646023
NaN	NaN	NaN	NaN	2146.63	0.18912383187120657	2146.63	0.037086297684601005
NaN	NaN	NaN	NaN	2146.65	0.19247587189239443	2146.65	0.03624531135566483
NaN	NaN	NaN	NaN	2146.67	0.19688532714531087	2146.67	0.03578889542189916
NaN	NaN	NaN	NaN	2146.69	0.20359424140590204	2146.69	0.03566279198996504
NaN	NaN	NaN	NaN	2146.71	0.21405194669813135	2146.71	0.035812600110463944
NaN	NaN	NaN	NaN	2146.73	0.2297542503989999	2146.73	0.03618799128064711
NaN	NaN	NaN	NaN	2146.75	0.2520726671135192	2146.75	0.0367425036449221
NaN	NaN	NaN	NaN	2146.77	0.28208003343853716	2146.77	0.03742951895122759
NaN	NaN	NaN	NaN	2146.79	0.32036021299433415	2146.79	0.03819616402859369
NaN	NaN	NaN	NaN	2146.81	0.36678314006521373	2146.81	0.03897789016001196
NaN	NaN	NaN	NaN	2146.83	0.42024585554798083	2146.83	0.039696984358244036
NaN	NaN	NaN	NaN	2146.85	0.4784268258783214	2146.85	0.040267493296199726
NaN	NaN	NaN	NaN	2146.87	0.537656481526944	2146.87	0.0406067253901433
NaN	NaN	NaN	NaN	2146.89	0.5930371324300532	2146.89	0.04065047729981979
NaN	NaN	NaN	NaN	2146.91	0.6389159799239847	2146.91	0.04036703576590918
NaN	NaN	NaN	NaN	2146.93	0.6697147210684872	2146.93	0.039765166303062656
NaN	NaN	NaN	NaN	2146.95	0.6809757248737918	2146.95	0.038893753256906194
NaN	NaN	NaN	NaN	2146.97	0.6703590515861069	2146.97	0.03783414409714176
